0.5	0.7708868654996329
0.501	0.7704986940651511
0.502	0.7701108053122737
0.503	0.7697231991421941
0.504	0.7693358754555208
0.505	0.7689488341522771
0.506	0.7685620751319049
0.507	0.7681755982932692
0.508	0.7677894035346583
0.509	0.7674034907537871
0.51	0.7670178598478029
0.511	0.7666325107132821
0.512	0.7662474432462401
0.513	0.765862657342128
0.514	0.7654781528958382
0.515	0.7650939298017077
0.516	0.7647099879535185
0.517	0.7643263272445032
0.518	0.7639429475673445
0.519	0.7635598488141797
0.52	0.7631770308766054
0.521	0.7627944936456741
0.522	0.7624122370119044
0.523	0.7620302608652777
0.524	0.7616485650952443
0.525	0.7612671495907247
0.526	0.7608860142401113
0.527	0.7605051589312736
0.528	0.7601245835515592
0.529	0.7597442879877963
0.53	0.7593642721262953
0.531	0.7589845358528547
0.532	0.7586050790527619
0.533	0.7582259016107928
0.534	0.7578470034112205
0.535	0.7574683843378118
0.536	0.7570900442738353
0.537	0.7567119831020584
0.538	0.7563342007047535
0.539	0.7559566969637005
0.54	0.7555794717601881
0.541	0.7552025249750165
0.542	0.7548258564884995
0.543	0.754449466180468
0.544	0.7540733539302739
0.545	0.7536975196167887
0.546	0.7533219631184067
0.547	0.7529466843130542
0.548	0.7525716830781818
0.549	0.7521969592907729
0.55	0.7518225128273471
0.551	0.7514483435639575
0.552	0.7510744513761988
0.553	0.7507008361392049
0.554	0.7503274977276563
0.555	0.7499544360157764
0.556	0.7495816508773413
0.557	0.7492091421856736
0.558	0.7488369098136544
0.559	0.7484649536337169
0.56	0.7480932735178543
0.5609999999999999	0.7477218693376213
0.562	0.7473507409641326
0.563	0.7469798882680718
0.5640000000000001	0.7466093111196884
0.565	0.7462390093888033
0.5660000000000001	0.7458689829448079
0.567	0.7454992316566709
0.5680000000000001	0.745129755392936
0.569	0.7447605540217284
0.5700000000000001	0.7443916274107527
0.571	0.7440229754273
0.5720000000000001	0.7436545979382471
0.573	0.7432864948100587
0.574	0.7429186659087912
0.575	0.7425511111000943
0.576	0.7421838302492125
0.577	0.7418168232209903
0.578	0.7414500898798696
0.579	0.7410836300898963
0.58	0.7407174437147199
0.581	0.7403515306175984
0.582	0.739985890661397
0.583	0.7396205237085925
0.584	0.7392554296212762
0.585	0.738890608261156
0.586	0.7385260594895533
0.587	0.7381617831674158
0.588	0.737797779155308
0.589	0.7374340473134227
0.59	0.7370705875015783
0.591	0.7367073995792195
0.592	0.7363444834054268
0.593	0.7359818388389098
0.594	0.735619465738016
0.595	0.7352573639607283
0.596	0.734895533364671
0.597	0.7345339738071082
0.598	0.7341726851449512
0.599	0.7338116672347524
0.6	0.733450919932717
0.601	0.7330904430946966
0.602	0.7327302365761986
0.603	0.7323703002323809
0.604	0.7320106339180612
0.605	0.7316512374877149
0.606	0.731292110795476
0.607	0.7309332536951435
0.608	0.7305746660401801
0.609	0.7302163476837147
0.61	0.7298582984785469
0.611	0.7295005182771447
0.612	0.7291430069316513
0.613	0.728785764293882
0.614	0.7284287902153321
0.615	0.7280720845471734
0.616	0.7277156471402597
0.617	0.7273594778451276
0.618	0.7270035765119982
0.619	0.7266479429907795
0.62	0.7262925771310689
0.621	0.725937478782154
0.622	0.7255826477930156
0.623	0.7252280840123292
0.624	0.724873787288466
0.625	0.7245197574694976
0.626	0.7241659944031936
0.627	0.7238124979370296
0.628	0.7234592679181818
0.629	0.7231063041935353
0.63	0.722753606609683
0.631	0.7224011750129267
0.632	0.7220490092492811
0.633	0.7216971091644764
0.634	0.7213454746039555
0.635	0.7209941054128806
0.636	0.7206430014361334
0.637	0.7202921625183175
0.638	0.7199415885037581
0.639	0.7195912792365077
0.64	0.7192412345603442
0.641	0.7188914543187744
0.642	0.7185419383550375
0.643	0.7181926865121027
0.644	0.7178436986326748
0.645	0.7174949745591944
0.646	0.7171465141338406
0.647	0.716798317198531
0.648	0.7164503835949256
0.649	0.7161027131644283
0.65	0.7157553057481868
0.651	0.715408161187096
0.652	0.7150612793218005
0.653	0.7147146599926936
0.654	0.7143683030399217
0.655	0.7140222083033849
0.656	0.7136763756227399
0.657	0.7133308048373994
0.658	0.7129854957865344
0.659	0.7126404483090802
0.66	0.7122956622437319
0.661	0.7119511374289491
0.662	0.7116068737029584
0.663	0.7112628709037535
0.664	0.7109191288690982
0.665	0.7105756474365266
0.666	0.7102324264433444
0.667	0.7098894657266351
0.668	0.7095467651232551
0.669	0.7092043244698408
0.67	0.7088621436028073
0.671	0.7085202223583493
0.672	0.7081785605724467
0.673	0.7078371580808637
0.674	0.7074960147191484
0.675	0.7071551303226381
0.6759999999999999	0.7068145047264592
0.677	0.7064741377655294
0.6779999999999999	0.7061340292745582
0.679	0.7057941790880496
0.6799999999999999	0.7054545870403036
0.681	0.7051152529654181
0.6819999999999999	0.7047761766972881
0.683	0.7044373580696104
0.6839999999999999	0.704098796915884
0.685	0.703760493069411
0.6859999999999999	0.7034224463633005
0.687	0.7030846566304653
0.688	0.7027471237036298
0.6890000000000001	0.7024098474153263
0.69	0.7020728275978988
0.6910000000000001	0.7017360640835053
0.692	0.7013995567041172
0.6930000000000001	0.7010633052915235
0.694	0.7007273096773288
0.6950000000000001	0.7003915696929585
0.696	0.700056085169658
0.6970000000000001	0.6997208559384943
0.698	0.6993858818303591
0.6990000000000001	0.6990511626759687
0.7	0.6987166983058664
0.7010000000000001	0.6983824885504226
0.702	0.6980485332398382
0.7030000000000001	0.6977148322041455
0.704	0.6973813852732086
0.7050000000000001	0.697048192276725
0.706	0.6967152530442298
0.7070000000000001	0.6963825674050921
0.708	0.6960501351885221
0.709	0.6957179562235687
0.71	0.6953860303391213
0.711	0.6950543573639122
0.712	0.6947229371265191
0.713	0.6943917694553635
0.714	0.6940608541787154
0.715	0.6937301911246923
0.716	0.6933997801212605
0.717	0.6930696209962385
0.718	0.6927397135772977
0.719	0.6924100576919627
0.72	0.6920806531676136
0.721	0.6917514998314868
0.722	0.6914225975106778
0.723	0.6910939460321396
0.724	0.6907655452226874
0.725	0.6904373949089991
0.726	0.6901094949176139
0.727	0.689781845074938
0.728	0.6894544452072424
0.729	0.689127295140666
0.73	0.688800394701216
0.731	0.6884737437147719
0.732	0.6881473420070809
0.733	0.6878211894037664
0.734	0.6874952857303241
0.735	0.6871696308121256
0.736	0.6868442244744185
0.737	0.6865190665423302
0.738	0.6861941568408654
0.739	0.6858694951949095
0.74	0.685545081429231
0.741	0.6852209153684808
0.742	0.684896996837194
0.743	0.6845733256597918
0.744	0.6842499016605811
0.745	0.6839267246637589
0.746	0.6836037944934095
0.747	0.6832811109735094
0.748	0.6829586739279268
0.749	0.6826364831804221
0.75	0.6823145385546501
0.751	0.6819928398741631
0.752	0.6816713869624063
0.753	0.6813501796427278
0.754	0.6810292177383709
0.755	0.680708501072482
0.756	0.6803880294681066
0.757	0.6800678027481952
0.758	0.6797478207356008
0.759	0.6794280832530831
0.76	0.6791085901233059
0.761	0.678789341168843
0.762	0.6784703362121758
0.763	0.6781515750756952
0.764	0.6778330575817035
0.765	0.6775147835524156
0.766	0.677196752809959
0.767	0.6768789651763765
0.768	0.6765614204736253
0.769	0.6762441185235809
0.77	0.6759270591480361
0.771	0.6756102421687019
0.772	0.6752936674072114
0.773	0.6749773346851164
0.774	0.6746612438238935
0.775	0.6743453946449416
0.776	0.6740297869695846
0.777	0.673714420619071
0.778	0.6733992954145784
0.779	0.6730844111772099
0.78	0.6727697677280003
0.781	0.6724553648879108
0.782	0.6721412024778368
0.783	0.671827280318606
0.784	0.6715135982309767
0.785	0.6712001560356442
0.786	0.6708869535532385
0.787	0.6705739906043255
0.788	0.6702612670094091
0.7889999999999999	0.6699487825889322
0.79	0.6696365371632756
0.7909999999999999	0.669324530552764
0.792	0.669012762577661
0.7929999999999999	0.6687012330581733
0.794	0.6683899418144529
0.7949999999999999	0.6680788886665947
0.796	0.6677680734346418
0.7969999999999999	0.6674574959385813
0.798	0.66714715599835
0.7989999999999999	0.6668370534338328
0.8	0.6665271880648658
0.8009999999999999	0.666217559711233
0.802	0.665908168192674
0.8029999999999999	0.6655990133288785
0.804	0.6652900949394904
0.8049999999999999	0.6649814128441095
0.806	0.6646729668622902
0.8069999999999999	0.6643647568135445
0.808	0.6640567825173415
0.8089999999999999	0.6637490437931095
0.81	0.663441540460236
0.8109999999999999	0.6631342723380689
0.812	0.6628272392459184
0.813	0.6625204410030567
0.8140000000000001	0.6622138774287186
0.815	0.6619075483421054
0.8160000000000001	0.6616014535623816
0.817	0.6612955929086793
0.8180000000000001	0.6609899662000959
0.819	0.6606845732557002
0.8200000000000001	0.6603794138945261
0.821	0.6600744879355808
0.8220000000000001	0.6597697951978391
0.823	0.6594653355002508
0.8240000000000001	0.6591611086617355
0.825	0.6588571145011891
0.8260000000000001	0.6585533528374791
0.827	0.6582498234894503
0.8280000000000001	0.6579465262759231
0.829	0.6576434610156945
0.8300000000000001	0.6573406275275399
0.831	0.6570380256302145
0.8320000000000001	0.6567356551424506
0.833	0.6564335158829642
0.8340000000000001	0.6561316076704505
0.835	0.6558299303235887
0.8360000000000001	0.6555284836610389
0.837	0.6552272675014476
0.8380000000000001	0.6549262816634446
0.839	0.6546255259656466
0.8400000000000001	0.6543250002266552
0.841	0.6540247042650609
0.8420000000000001	0.653724637899442
0.843	0.6534248009483662
0.8440000000000001	0.6531251932303899
0.845	0.6528258145640614
0.8460000000000001	0.6525266647679198
0.847	0.6522277436604965
0.8480000000000001	0.6519290510603172
0.849	0.6516305867858996
0.8500000000000001	0.6513323506557585
0.851	0.6510343424884021
0.852	0.6507365621023363
0.853	0.6504390093160634
0.854	0.6501416839480837
0.855	0.649844585816898
0.856	0.6495477147410026
0.857	0.6492510705388992
0.858	0.648954653029086
0.859	0.6486584620300664
0.86	0.6483624973603435
0.861	0.6480667588384269
0.862	0.6477712462828273
0.863	0.6474759595120623
0.864	0.6471808983446542
0.865	0.6468860625991326
0.866	0.6465914520940325
0.867	0.6462970666478994
0.868	0.6460029060792853
0.869	0.6457089702067516
0.87	0.6454152588488711
0.871	0.6451217718242268
0.872	0.6448285089514132
0.873	0.6445354700490368
0.874	0.644242654935717
0.875	0.643950063430088
0.876	0.6436576953507971
0.877	0.6433655505165079
0.878	0.643073628745899
0.879	0.6427819298576656
0.88	0.6424904536705208
0.881	0.6421992000031951
0.882	0.6419081686744373
0.883	0.6416173595030167
0.884	0.641326772307722
0.885	0.6410364069073616
0.886	0.6407462631207665
0.887	0.6404563407667895
0.888	0.6401666396643064
0.889	0.639877159632216
0.89	0.6395879004894404
0.891	0.6392988620549285
0.892	0.6390100441476528
0.893	0.6387214465866115
0.894	0.6384330691908323
0.895	0.6381449117793664
0.896	0.6378569741712967
0.897	0.6375692561857318
0.898	0.6372817576418117
0.899	0.6369944783587043
0.9	0.6367074181556105
0.901	0.6364205768517603
0.902	0.6361339542664168
0.903	0.6358475502188751
0.904	0.6355613645284635
0.905	0.6352753970145434
0.906	0.6349896474965112
0.907	0.6347041157937986
0.908	0.6344188017258718
0.909	0.6341337051122339
0.91	0.6338488257724246
0.911	0.6335641635260205
0.912	0.633279718192637
0.913	0.6329954895919274
0.914	0.6327114775435844
0.915	0.632427681867341
0.916	0.6321441023829693
0.917	0.6318607389102828
0.9179999999999999	0.6315775912691378
0.919	0.6312946592794306
0.9199999999999999	0.6310119427611016
0.921	0.6307294415341335
0.9219999999999999	0.6304471554185541
0.923	0.6301650842344342
0.9239999999999999	0.6298832278018895
0.925	0.6296015859410826
0.9259999999999999	0.6293201584722214
0.927	0.6290389452155598
0.9279999999999999	0.6287579459914002
0.929	0.6284771606200911
0.9299999999999999	0.6281965889220299
0.931	0.6279162307176643
0.9319999999999999	0.6276360858274888
0.933	0.6273561540720494
0.9339999999999999	0.6270764352719427
0.935	0.6267969292478149
0.9359999999999999	0.6265176358203651
0.937	0.6262385548103437
0.938	0.6259596860385531
0.9390000000000001	0.6256810293258506
0.94	0.6254025844931455
0.9410000000000001	0.6251243513614021
0.942	0.6248463297516376
0.9430000000000001	0.6245685194849266
0.944	0.6242909203823986
0.9450000000000001	0.6240135322652386
0.946	0.6237363549546893
0.9470000000000001	0.6234593882720488
0.948	0.6231826320386749
0.9490000000000001	0.6229060860759819
0.95	0.6226297502054449
0.9510000000000001	0.6223536242485955
0.952	0.6220777080270262
0.9530000000000001	0.6218020013623905
0.954	0.6215265040764006
0.9550000000000001	0.6212512159908321
0.956	0.6209761369275196
0.9570000000000001	0.6207012667083612
0.958	0.6204266051553178
0.9590000000000001	0.6201521520904123
0.96	0.6198779073357321
0.9610000000000001	0.6196038707134273
0.962	0.6193300420457137
0.9630000000000001	0.6190564211548708
0.964	0.618783007863244
0.9650000000000001	0.618509801993244
0.966	0.6182368033673483
0.9670000000000001	0.6179640118081012
0.968	0.6176914271381128
0.9690000000000001	0.6174190491800619
0.97	0.6171468777566957
0.9710000000000001	0.6168749126908288
0.972	0.6166031538053452
0.9730000000000001	0.616331600923197
0.974	0.6160602538674087
0.9750000000000001	0.6157891124610727
0.976	0.6155181765273526
0.9770000000000001	0.6152474458894835
0.978	0.6149769203707711
0.9790000000000001	0.6147065997945939
0.98	0.6144364839844028
0.981	0.6141665727637197
0.982	0.6138968659561416
0.983	0.6136273633853383
0.984	0.613358064875054
0.985	0.6130889702491052
0.986	0.612820079331387
0.987	0.6125513919458664
0.988	0.6122829079165869
0.989	0.6120146270676686
0.99	0.6117465492233075
0.991	0.6114786742077762
0.992	0.611211001845425
0.993	0.6109435319606812
0.994	0.6106762643780504
0.995	0.6104091989221164
0.996	0.6101423354175416
0.997	0.6098756736890678
0.998	0.6096092135615163
0.999	0.6093429548597875
1.	0.6090768974088635
1.001	0.6088110410338047
1.002	0.6085453855597553
1.0030000000000001	0.6082799308119385
1.004	0.6080146766156604
1.005	0.607749622796309
1.006	0.6074847691793546
1.0070000000000001	0.6072201155903497
1.008	0.6069556618549308
1.009	0.6066914077988189
1.01	0.606427353247816
1.0110000000000001	0.6061634980278104
1.012	0.6058998419647752
1.013	0.6056363848847669
1.014	0.6053731266139282
1.0150000000000001	0.6051100669784878
1.016	0.6048472058047588
1.017	0.6045845429191423
1.018	0.6043220781481254
1.0190000000000001	0.6040598113182819
1.02	0.6037977422562728
1.021	0.603535870788847
1.022	0.603274196742841
1.0230000000000001	0.6030127199451814
1.024	0.60275144022288
1.025	0.60249035740304
1.026	0.6022294713128536
1.0270000000000001	0.6019687817796017
1.028	0.6017082886306564
1.029	0.6014479916934784
1.03	0.6011878907956197
1.0310000000000001	0.6009279857647228
1.032	0.6006682764285227
1.033	0.6004087626148441
1.034	0.6001494441516044
1.0350000000000001	0.5998903208668125
1.036	0.5996313925885698
1.037	0.5993726591450708
1.038	0.5991141203646022
1.0390000000000001	0.5988557760755444
1.04	0.5985976261063719
1.041	0.5983396702856522
1.042	0.598081908442047
1.0430000000000001	0.5978243404043123
1.044	0.5975669660012991
1.045	0.597309785061954
1.046	0.5970527974153178
1.0470000000000002	0.5967960028905271
1.048	0.5965394013168148
1.049	0.5962829925235098
1.05	0.5960267763400359
1.0510000000000002	0.5957707525959164
1.052	0.5955149211207696
1.053	0.5952592817443112
1.054	0.5950038342963543
1.0550000000000002	0.5947485786068107
1.056	0.5944935145056884
1.057	0.594238641823096
1.058	0.5939839603892387
1.0590000000000002	0.5937294700344213
1.06	0.593475170589048
1.061	0.593221061883621
1.062	0.5929671437487442
1.0630000000000002	0.5927134160151183
1.064	0.5924598785135473
1.065	0.5922065310749334
1.066	0.5919533735302804
1.0670000000000002	0.5917004057106916
1.068	0.591447627447373
1.069	0.5911950385716314
1.07	0.5909426389148745
1.0710000000000002	0.5906904283086121
1.072	0.5904384065844569
1.073	0.5901865735741223
1.074	0.5899349291094255
1.0750000000000002	0.5896834730222851
1.076	0.5894322051447243
1.077	0.5891811253088688
1.0779999999999998	0.5889302333469469
1.079	0.5886795290912917
1.08	0.5884290123743395
1.081	0.5881786830286313
1.0819999999999999	0.587928540886812
1.083	0.5876785857816302
1.084	0.5874288175459416
1.085	0.5871792360127042
1.0859999999999999	0.5869298410149834
1.087	0.586680632385948
1.088	0.5864316099588744
1.089	0.5861827735671438
1.0899999999999999	0.585934123044243
1.091	0.5856856582237656
1.092	0.5854373789394125
1.093	0.5851892850249901
1.0939999999999999	0.5849413763144113
1.095	0.5846936526416974
1.096	0.5844461138409764
1.097	0.5841987597464836
1.0979999999999999	0.5839515901925622
1.099	0.5837046050136625
1.1	0.5834578040443444
1.101	0.5832111871192753
1.1019999999999999	0.5829647540732302
1.103	0.5827185047410937
1.104	0.5824724389578593
1.105	0.5822265565586289
1.1059999999999999	0.581980857378614
1.107	0.581735341253136
1.108	0.5814900080176247
1.109	0.5812448575076203
1.1099999999999999	0.5809998895587726
1.111	0.5807551040068427
1.112	0.5805105006877005
1.113	0.5802660794373274
1.1139999999999999	0.5800218400918142
1.115	0.5797777824873642
1.116	0.5795339064602905
1.117	0.5792902118470177
1.1179999999999999	0.5790466984840819
1.119	0.5788033662081298
1.12	0.5785602148559216
1.121	0.5783172442643274
1.1219999999999999	0.5780744542703308
1.123	0.577831844711026
1.124	0.5775894154236213
1.125	0.5773471662454361
1.126	0.5771050970139033
1.127	0.5768632075665682
1.1280000000000001	0.5766214977410887
1.129	0.5763799673752367
1.13	0.5761386163068963
1.131	0.5758974443740663
1.1320000000000001	0.5756564514148579
1.133	0.5754156372674968
1.134	0.5751750017703219
1.135	0.5749345447617868
1.1360000000000001	0.5746942660804587
1.137	0.5744541655650196
1.138	0.574214243054265
1.139	0.5739744983871068
1.1400000000000001	0.5737349314025695
1.141	0.5734955419397942
1.142	0.5732563298380362
1.143	0.5730172949366654
1.1440000000000001	0.5727784370751684
1.145	0.5725397560931458
1.146	0.5723012518303153
1.147	0.5720629241265086
1.1480000000000001	0.5718247728216745
1.149	0.5715867977558771
1.15	0.5713489987692966
1.151	0.5711113757022296
1.1520000000000001	0.5708739283950894
1.153	0.5706366566884046
1.154	0.5703995604228221
1.155	0.5701626394391032
1.1560000000000001	0.5699258935781286
1.157	0.5696893226808941
1.158	0.5694529265885134
1.159	0.5692167051422173
1.1600000000000001	0.5689806581833533
1.161	0.5687447855533874
1.162	0.5685090870939018
1.163	0.5682735626465976
1.1640000000000001	0.5680382120532926
1.165	0.5678030351559237
1.166	0.5675680317965447
1.167	0.567333201817328
1.1680000000000001	0.5670985450605639
1.169	0.5668640613686611
1.17	0.5666297505841471
1.171	0.566395612549668
1.1720000000000002	0.5661616471079876
1.173	0.5659278541019883
1.174	0.5656942333746735
1.175	0.5654607847691633
1.1760000000000002	0.5652275081286972
1.177	0.5649944032966349
1.178	0.5647614701164545
1.179	0.5645287084317528
1.1800000000000002	0.564296118086248
1.181	0.5640636989237758
1.182	0.563831450788292
1.183	0.5635993735238733
1.1840000000000002	0.5633674669747145
1.185	0.5631357309851311
1.186	0.5629041653995589
1.187	0.5626727700625535
1.1880000000000002	0.5624415448187903
1.189	0.562210489513065
1.19	0.5619796039902936
1.191	0.5617488880955137
1.1920000000000002	0.5615183416738807
1.193	0.5612879645706739
1.194	0.561057756631291
1.195	0.5608277177012507
1.1960000000000002	0.5605978476261931
1.197	0.5603681462518787
1.198	0.5601386134241896
1.199	0.5599092489891281
1.2000000000000002	0.5596800527928177
1.201	0.5594510246815048
1.202	0.5592221645015542
1.203	0.5589934720994543
1.204	0.5587649473218138
1.205	0.5585365900153639
1.206	0.5583084000269555
1.2069999999999999	0.5580803772035633
1.208	0.5578525213922825
1.209	0.5576248324403296
1.21	0.5573973101950445
1.2109999999999999	0.5571699545038872
1.212	0.5569427652144406
1.213	0.5567157421744102
1.214	0.5564888852316219
1.2149999999999999	0.5562621942340257
1.216	0.556035669029692
1.217	0.5558093094668147
1.218	0.5555831153937097
1.2189999999999999	0.555357086658815
1.22	0.5551312231106912
1.221	0.5549055245980209
1.222	0.5546799909696104
1.2229999999999999	0.5544546220743884
1.224	0.5542294177614047
1.225	0.5540043778798331
1.226	0.5537795022789707
1.2269999999999999	0.5535547908082358
1.228	0.5533302433171711
1.229	0.5531058596554415
1.23	0.5528816396728342
1.2309999999999999	0.5526575832192608
1.232	0.5524336901447551
1.233	0.5522099602994739
1.234	0.5519863935336982
1.2349999999999999	0.5517629896978304
1.236	0.5515397486423979
1.237	0.5513166702180499
1.238	0.5510937542755604
1.2389999999999999	0.5508710006658255
1.24	0.5506484092398657
1.241	0.5504259798488234
1.242	0.5502037123439663
1.2429999999999999	0.5499816065766853
1.244	0.5497596623984936
1.245	0.5495378796610288
1.246	0.5493162582160533
1.2469999999999999	0.5490947979154503
1.248	0.5488734986112295
1.249	0.5486523601555227
1.25	0.5484313824005862
1.251	0.5482105651988001
1.252	0.547989908402668
1.2530000000000001	0.547769411864817
1.254	0.547549075437999
1.255	0.5473288989750899
1.256	0.5471088823290875
1.2570000000000001	0.5468890253531166
1.258	0.5466693279004239
1.259	0.546449789824381
1.26	0.5462304109784826
1.2610000000000001	0.546011191216349
1.262	0.5457921303917234
1.263	0.5455732283584739
1.264	0.5453544849705915
1.2650000000000001	0.5451359000821928
1.266	0.544917473547518
1.267	0.5446992052209314
1.268	0.5444810949569211
1.2690000000000001	0.5442631426101014
1.27	0.544045348035208
1.271	0.5438277110871034
1.272	0.5436102316207725
1.2730000000000001	0.543392909491326
1.274	0.5431757445539983
1.275	0.5429587366641476
1.276	0.5427418856772578
1.2770000000000001	0.5425251914489355
1.278	0.5423086538349136
1.279	0.5420922726910479
1.28	0.5418760478733188
1.2810000000000001	0.5416599792378315
1.282	0.5414440666408163
1.283	0.5412283099386267
1.284	0.5410127089877412
1.2850000000000001	0.5407972636447628
1.286	0.5405819737664189
1.287	0.5403668392095611
1.288	0.5401518598311665
1.2890000000000001	0.5399370354883354
1.29	0.5397223660382933
1.291	0.5395078513383901
1.292	0.5392934912460999
1.2930000000000001	0.539079285619022
1.294	0.5388652343148798
1.295	0.5386513371915209
1.296	0.5384375941069177
1.2970000000000002	0.5382240049191676
1.298	0.5380105694864913
1.299	0.5377972876672354
1.3	0.5375841593198704
1.3010000000000002	0.5373711843029911
1.302	0.5371583624753166
1.303	0.5369456936956916
1.304	0.5367331778230842
1.3050000000000002	0.5365208147165875
1.306	0.5363086042354193
1.307	0.5360965462389211
1.308	0.5358846405865602
1.3090000000000002	0.5356728871379265
1.31	0.5354612857527363
1.311	0.5352498362908288
1.312	0.5350385386121694
1.3130000000000002	0.5348273925768461
1.314	0.534616398045073
1.315	0.5344055548771864
1.316	0.5341948629336498
1.3170000000000002	0.5339843220750489
1.318	0.5337739321620951
1.319	0.5335636930556232
1.32	0.5333536046165934
1.3210000000000002	0.53314366670609
1.322	0.5329338791853209
1.323	0.5327242419156188
1.324	0.5325147547584417
1.3250000000000002	0.5323054175753693
1.326	0.5320962302281087
1.327	0.5318871925784895
1.328	0.5316783044884656
1.3290000000000002	0.531469565820116
1.33	0.5312609764356427
1.331	0.5310525361973731
1.332	0.5308442449677586
1.333	0.5306361026093733
1.334	0.5304281089849174
1.335	0.5302202639572147
1.3359999999999999	0.5300125673892121
1.337	0.5298050191439818
1.338	0.5295976190847194
1.339	0.5293903670747446
1.3399999999999999	0.5291832629775022
1.341	0.5289763066565587
1.342	0.5287694979756071
1.343	0.5285628367984628
1.3439999999999999	0.5283563229890649
1.345	0.5281499564114777
1.346	0.5279437369298886
1.347	0.5277376644086089
1.3479999999999999	0.5275317387120741
1.349	0.5273259597048426
1.35	0.5271203272515979
1.351	0.5269148412171458
1.3519999999999999	0.5267095014664168
1.353	0.5265043078644651
1.354	0.5262992602764677
1.355	0.526094358567726
1.3559999999999999	0.5258896026036651
1.357	0.5256849922498329
1.358	0.5254805273719017
1.359	0.5252762078356671
1.3599999999999999	0.5250720335070475
1.361	0.5248680042520855
1.362	0.5246641199369465
1.363	0.5244603804279205
1.3639999999999999	0.524256785591419
1.365	0.524053335293978
1.366	0.5238500294022572
1.367	0.5236468677830383
1.3679999999999999	0.5234438503032272
1.369	0.523240976829852
1.37	0.523038247230065
1.371	0.522835661371141
1.3719999999999999	0.522633219120478
1.373	0.5224309203455969
1.374	0.5222287649141418
1.375	0.5220267526938801
1.376	0.521824883552701
1.377	0.5216231573586174
1.3780000000000001	0.5214215739797649
1.379	0.521220133284402
1.38	0.5210188351409099
1.381	0.520817679417792
1.3820000000000001	0.5206166659836751
1.383	0.5204157947073085
1.384	0.5202150654575636
1.385	0.520014478103435
1.3860000000000001	0.5198140325140392
1.387	0.5196137285586157
1.388	0.519413566106526
1.389	0.5192135450272543
1.3900000000000001	0.519013665190407
1.391	0.518813926465713
1.392	0.5186143287230224
1.393	0.5184148718323086
1.3940000000000001	0.5182155556636676
1.395	0.5180163800873163
1.396	0.5178173449735943
1.397	0.517618450192963
1.3980000000000001	0.5174196956160058
1.399	0.5172210811134282
1.4	0.5170226065560574
1.401	0.5168242718148423
1.4020000000000001	0.5166260767608538
1.403	0.5164280212652848
1.404	0.5162301051994495
1.405	0.5160323284347833
1.4060000000000001	0.5158346908428445
1.407	0.5156371922953119
1.408	0.515439832663986
1.409	0.5152426118207881
1.4100000000000001	0.5150455296377626
1.411	0.5148485859870732
1.412	0.514651780741007
1.413	0.5144551137719703
1.4140000000000001	0.5142585849524914
1.415	0.5140621941552204
1.416	0.5138659412529281
1.417	0.5136698261185051
1.4180000000000001	0.5134738486249643
1.419	0.5132780086454399
1.42	0.5130823060531856
1.421	0.5128867407215764
1.4220000000000002	0.5126913125241087
1.423	0.512496021334399
1.424	0.5123008670261842
1.425	0.5121058494733224
1.4260000000000002	0.5119109685497918
1.427	0.5117162241296915
1.428	0.5115216160872407
1.429	0.5113271442967787
1.4300000000000002	0.5111328086327653
1.431	0.5109386089697814
1.432	0.510744545182527
1.433	0.5105506171458222
1.4340000000000002	0.5103568247346079
1.435	0.5101631678239443
1.436	0.5099696462890131
1.437	0.5097762600051136
1.4380000000000002	0.5095830088476662
1.439	0.5093898926922112
1.44	0.5091969114144081
1.441	0.5090040648900371
1.4420000000000002	0.5088113529949958
1.443	0.5086187756053041
1.444	0.5084263325970994
1.445	0.5082340238466392
1.4460000000000002	0.5080418492303009
1.447	0.5078498086245795
1.448	0.507657901906091
1.449	0.5074661289515702
1.4500000000000002	0.5072744896378701
1.451	0.5070829838419636
1.452	0.5068916114409425
1.453	0.5067003723120169
1.4540000000000002	0.506509266332517
1.455	0.5063182933798902
1.456	0.5061274533317038
1.457	0.5059367460656433
1.4580000000000002	0.5057461714595131
1.459	0.5055557293912358
1.46	0.5053654197388523
1.4609999999999999	0.5051752423805228
1.462	0.5049851971945244
1.463	0.5047952840592539
1.464	0.5046055028532257
1.4649999999999999	0.5044158534550723
1.466	0.5042263357435443
1.467	0.50403694959751
1.468	0.503847694895956
1.4689999999999999	0.5036585715179877
1.47	0.5034695793428263
1.471	0.503280718249812
1.472	0.5030919881184028
1.4729999999999999	0.5029033888281739
1.474	0.5027149202588179
1.475	0.5025265822901449
1.476	0.502338374802083
1.4769999999999999	0.5021502976746768
1.478	0.5019623507880885
1.479	0.501774534022598
1.48	0.5015868472586016
1.4809999999999999	0.501399290376613
1.482	0.5012118632572625
1.483	0.5010245657812977
1.484	0.5008373978295833
1.4849999999999999	0.5006503592831
1.486	0.5004634500229459
1.487	0.5002766699303351
1.488	0.5000900188865989
1.4889999999999999	0.49990349677318463
1.49	0.4997171034716564
1.491	0.4995308388636941
1.492	0.49934470283109456
1.4929999999999999	0.4991586952557701
1.494	0.49897281601975
1.495	0.49878706500517883
1.496	0.4986014420943176
1.4969999999999999	0.49841594716954307
1.498	0.49823058011334787
1.499	0.4980453408083404
1.5	0.4978602291372444
1.5010000000000001	0.49767524498289983
1.502	0.4974903882282622
1.5030000000000001	0.4973056587564013
1.504	0.49712105645050436
1.5050000000000001	0.49693658119387146
1.506	0.4967522328699205
1.5070000000000001	0.4965680113621826
1.508	0.4963839165543047
1.5090000000000001	0.4961999483300486
1.51	0.4960161065732918
1.5110000000000001	0.49583239116802513
1.512	0.49564880199835576
1.5130000000000001	0.49546533894850464
1.514	0.49528200190280786
1.5150000000000001	0.49509879074571556
1.516	0.4949157053617928
1.5170000000000001	0.4947327456357193
1.518	0.494549911452288
1.5190000000000001	0.4943672026964072
1.52	0.494184619253099
1.5210000000000001	0.49400216100749966
1.522	0.4938198278448598
1.5230000000000001	0.49363761965054287
1.524	0.49345553631002737
1.525	0.49327357770890484
1.526	0.4930917437328813
1.527	0.4929100342677759
1.528	0.49272844919952075
1.529	0.4925469884141632
1.53	0.4923656517978622
1.531	0.49218443923689087
1.532	0.4920033506176353
1.533	0.4918223858265954
1.534	0.49164154475038313
1.535	0.491460827275724
1.536	0.4912802332894569
1.537	0.49109976267853295
1.538	0.49091941533001565
1.539	0.49073919113108266
1.54	0.49055908996902264
1.541	0.4903791117312375
1.542	0.4901992563052421
1.543	0.4900195235786627
1.544	0.48983991343923855
1.545	0.48966042577482044
1.546	0.48948106047337225
1.547	0.48930181742296913
1.548	0.4891226965117981
1.549	0.4889436976281587
1.55	0.48876482066046223
1.551	0.48858606549723155
1.552	0.48840743202710046
1.553	0.4882289201388153
1.554	0.48805052972123325
1.555	0.48787226066332356
1.556	0.4876941128541659
1.557	0.487516086182952
1.558	0.48733818053898487
1.559	0.48716039581167714
1.56	0.486982731890554
1.561	0.4868051886652512
1.562	0.4866277660255142
1.563	0.4864504638612012
1.564	0.4862732820622792
1.565	0.4860962205188265
1.566	0.4859192791210322
1.567	0.4857424577591948
1.568	0.4855657563237252
1.569	0.4853891747051419
1.57	0.48521271279407524
1.571	0.4850363704812654
1.572	0.4848601476575621
1.573	0.48468404421392514
1.574	0.4845080600414246
1.575	0.48433219503123964
1.576	0.48415644907465966
1.577	0.48398082206308296
1.578	0.4838053138880177
1.579	0.4836299244410821
1.58	0.4834546536140019
1.581	0.4832795012986142
1.582	0.48310446738686397
1.583	0.48292955177080504
1.584	0.48275475434260157
1.585	0.48258007499452515
1.586	0.4824055136189565
1.587	0.4822310701083861
1.588	0.482056744355412
1.589	0.4818825362527411
1.59	0.4817084456931885
1.591	0.4815344725696779
1.592	0.4813606167752419
1.593	0.48118687820302075
1.594	0.4810132567462621
1.595	0.48083975229832304
1.596	0.4806663647526675
1.597	0.48049309400286805
1.598	0.48031993994260436
1.599	0.48014690246566427
1.6	0.4799739814659434
1.601	0.47980117683744444
1.602	0.4796284884742773
1.603	0.47945591627066
1.604	0.4792834601209173
1.605	0.47911111991948135
1.606	0.47893889556089103
1.607	0.47876678693979297
1.608	0.4785947939509398
1.609	0.4784229164891913
1.61	0.4782511544495145
1.611	0.4780795077269826
1.612	0.47790797621677505
1.613	0.4777365598141789
1.614	0.4775652584145862
1.615	0.4773940719134964
1.616	0.47722300020651465
1.617	0.47705204318935224
1.618	0.47688120075782653
1.619	0.4767104728078615
1.62	0.47653985923548553
1.621	0.4763693599368341
1.622	0.47619897480814777
1.623	0.4760287037457732
1.624	0.4758585466461619
1.625	0.4756885034058712
1.6260000000000001	0.4755185739215639
1.627	0.4753487580900075
1.6280000000000001	0.4751790558080752
1.629	0.47500946697274526
1.6300000000000001	0.47483999148110057
1.631	0.4746706292303292
1.6320000000000001	0.4745013801177241
1.633	0.4743322440406827
1.6340000000000001	0.4741632208967071
1.635	0.47399431058340397
1.6360000000000001	0.47382551299848447
1.637	0.4736568280397643
1.6380000000000001	0.47348825560516355
1.639	0.47331979559270543
1.6400000000000001	0.47315144790051844
1.641	0.4729832124268351
1.6420000000000001	0.4728150890699911
1.643	0.47264707772842635
1.6440000000000001	0.47247917830068387
1.645	0.4723113906854124
1.6460000000000001	0.472143714781362
1.647	0.4719761504873863
1.6480000000000001	0.4718086977024443
1.649	0.4716413563255966
1.6500000000000001	0.47147412625600715
1.651	0.47130700739294384
1.6520000000000001	0.47113999963577635
1.653	0.4709731028839792
1.654	0.4708063170371275
1.655	0.47063964199490066
1.656	0.4704730776570804
1.657	0.47030662392355116
1.658	0.47014028069429914
1.659	0.46997404786941405
1.66	0.46980792534908705
1.661	0.46964191303361197
1.662	0.4694760108233848
1.663	0.46931021861890315
1.664	0.46914453632076736
1.665	0.4689789638296788
1.666	0.4688135010464412
1.667	0.46864814787195924
1.668	0.4684829042072406
1.669	0.46831776995339297
1.67	0.46815274501162635
1.671	0.46798782928325205
1.672	0.467823022669682
1.673	0.4676583250724297
1.674	0.46749373639311
1.675	0.46732925653343854
1.676	0.46716488539523127
1.677	0.4670006228804053
1.678	0.46683646889097963
1.679	0.46667242332907166
1.68	0.4665084860969007
1.681	0.4663446570967865
1.682	0.4661809362311484
1.683	0.4660173234025073
1.684	0.46585381851348245
1.685	0.465690421466795
1.686	0.46552713216526476
1.687	0.465363950511812
1.688	0.46520087640945723
1.689	0.46503790976131915
1.69	0.464875050470618
1.691	0.4647122984406722
1.692	0.46454965357490013
1.693	0.4643871157768196
1.694	0.4642246849500471
1.695	0.4640623609982993
1.696	0.46390014382539096
1.697	0.46373803333523633
1.698	0.4635760294318484
1.699	0.46341413201933923
1.7	0.4632523410019188
1.701	0.4630906562838974
1.702	0.46292907776968195
1.703	0.46276760536377864
1.704	0.4626062389707928
1.705	0.46244497849542604
1.706	0.46228382384248046
1.707	0.46212277491685433
1.708	0.46196183162354537
1.709	0.46180099386764817
1.71	0.4616402615543556
1.711	0.4614796345889584
1.712	0.4613191128768444
1.713	0.4611586963234995
1.714	0.46099838483450656
1.715	0.4608381783155465
1.716	0.460678076672397
1.717	0.46051807981093257
1.718	0.4603581876371258
1.719	0.4601984000570454
1.72	0.4600387169768579
1.721	0.4598791383028251
1.722	0.4597196639413074
1.723	0.45956029379876057
1.724	0.45940102778173697
1.725	0.45924186579688653
1.726	0.4590828077509542
1.727	0.4589238535507819
1.728	0.45876500310330787
1.729	0.4586062563155658
1.73	0.4584476130946857
1.731	0.458289073347894
1.732	0.4581306369825122
1.733	0.457972303905958
1.734	0.4578140740257444
1.735	0.4576559472494801
1.736	0.4574979234848698
1.737	0.4573400026397126
1.738	0.4571821846219032
1.739	0.4570244693394321
1.74	0.4568668567003844
1.741	0.45670934661294005
1.742	0.456551938985374
1.743	0.45639463372605643
1.744	0.4562374307434521
1.745	0.4560803299461198
1.746	0.45592333124271384
1.747	0.45576643454198223
1.748	0.4556096397527676
1.749	0.4554529467840073
1.75	0.4552963555447325
1.7510000000000001	0.45513986594406786
1.752	0.45498347789123345
1.7530000000000001	0.4548271912955419
1.754	0.4546710060664004
1.7550000000000001	0.4545149221133098
1.756	0.4543589393458647
1.7570000000000001	0.4542030576737529
1.758	0.4540472770067561
1.7590000000000001	0.45389159725474887
1.76	0.45373601832769966
1.7610000000000001	0.4535805401356698
1.762	0.45342516258881355
1.7630000000000001	0.45326988559737846
1.764	0.4531147090717051
1.7650000000000001	0.452959632922227
1.766	0.45280465705946965
1.7670000000000001	0.4526497813940519
1.768	0.45249500583668545
1.7690000000000001	0.4523403302981735
1.77	0.4521857546894124
1.7710000000000001	0.4520312789213908
1.772	0.45187690290518884
1.7730000000000001	0.4517226265519803
1.774	0.4515684497730287
1.7750000000000001	0.4514143724796918
1.776	0.4512603945834176
1.7770000000000001	0.45110651599574686
1.778	0.4509527366283114
1.7790000000000001	0.4507990563928351
1.78	0.4506454752011328
1.781	0.45049199296511117
1.782	0.4503386095967682
1.783	0.45018532500819264
1.784	0.4500321391115648
1.785	0.4498790518191564
1.786	0.44972606304332874
1.787	0.44957317269653574
1.788	0.4494203806913208
1.789	0.4492676869403187
1.79	0.4491150913562544
1.791	0.4489625938519434
1.792	0.4488101943402919
1.793	0.4486578927342962
1.794	0.4485056889470435
1.795	0.44835358289170996
1.796	0.4482015744815624
1.797	0.4480496636299582
1.798	0.44789785025034345
1.799	0.4477461342562551
1.8	0.4475945155613187
1.801	0.447442994079251
1.802	0.4472915697238564
1.803	0.44714024240903
1.804	0.44698901204875596
1.805	0.4468378785571082
1.806	0.4466868418482483
1.807	0.4465359018364283
1.808	0.4463850584359893
1.809	0.4462343115613599
1.81	0.44608366112705916
1.811	0.44593310704769346
1.812	0.44578264923795907
1.813	0.4456322876126401
1.814	0.4454820220866092
1.815	0.44533185257482716
1.816	0.4451817789923441
1.817	0.44503180125429653
1.818	0.4448819192759104
1.819	0.4447321329725
1.82	0.44458244225946625
1.821	0.44443284705229885
1.822	0.4442833472665748
1.823	0.4441339428179587
1.824	0.44398463362220353
1.825	0.4438354195951487
1.826	0.4436863006527217
1.827	0.4435372767109371
1.828	0.44338834768589663
1.829	0.44323951349378915
1.83	0.4430907740508905
1.831	0.44294212927356424
1.832	0.44279357907825956
1.833	0.4426451233815131
1.834	0.4424967620999483
1.835	0.4423484951502748
1.836	0.44220032244928903
1.837	0.4420522439138744
1.838	0.44190425946099854
1.839	0.44175636900771836
1.84	0.44160857247117485
1.841	0.44146086976859533
1.842	0.44131326081729383
1.843	0.4411657455346694
1.844	0.441018323838208
1.845	0.44087099564548027
1.846	0.4407237608741428
1.847	0.440576619441938
1.848	0.44042957126669335
1.849	0.44028261626632226
1.85	0.4401357543588227
1.851	0.43998898546227844
1.852	0.4398423094948577
1.853	0.439695726374815
1.854	0.4395492360204881
1.855	0.4394028383503009
1.856	0.4392565332827618
1.857	0.43911032073646294
1.858	0.4389642006300829
1.859	0.43881817288238234
1.86	0.43867223741220907
1.861	0.43852639413849304
1.862	0.43838064298024904
1.863	0.43823498385657705
1.864	0.4380894166866592
1.865	0.43794394138976334
1.866	0.4377985578852403
1.867	0.4376532660925251
1.868	0.4375080659311363
1.869	0.43736295732067604
1.87	0.4372179401808299
1.871	0.4370730144313676
1.872	0.43692817999214173
1.873	0.43678343678308773
1.874	0.43663878472422485
1.875	0.43649422373565566
1.8760000000000001	0.4363497537375651
1.877	0.43620537465022124
1.8780000000000001	0.4360610863939754
1.879	0.4359168888892614
1.8800000000000001	0.43577278205659553
1.881	0.43562876581657717
1.8820000000000001	0.43548484008988775
1.883	0.4353410047972916
1.8840000000000001	0.43519725985963437
1.885	0.4350536051978454
1.8860000000000001	0.43491004073293554
1.887	0.43476656638599714
1.8880000000000001	0.4346231820782056
1.889	0.4344798877308174
1.8900000000000001	0.4343366832651713
1.891	0.434193568602688
1.8920000000000001	0.4340505436648688
1.893	0.4339076083732982
1.8940000000000001	0.43376476264964064
1.895	0.43362200641564275
1.8960000000000001	0.4334793395931324
1.897	0.433336762104019
1.8980000000000001	0.433194273870292
1.899	0.4330518748140234
1.9000000000000001	0.43290956485736465
1.901	0.43276734392254973
1.9020000000000001	0.4326252119318921
1.903	0.4324831688077859
1.9040000000000001	0.43234121447270785
1.905	0.4321993488492121
1.9060000000000001	0.43205757185993604
1.907	0.431915883427596
1.908	0.43177428347498925
1.909	0.4316327719249924
1.91	0.43149134870056344
1.911	0.43135001372473936
1.912	0.43120876692063725
1.913	0.4310676082114552
1.914	0.43092653752046933
1.915	0.4307855547710366
1.916	0.4306446598865936
1.917	0.4305038527906558
1.918	0.43036313340681853
1.919	0.43022250165875675
1.92	0.43008195747022476
1.921	0.42994150076505494
1.922	0.4298011314671602
1.923	0.4296608495005317
1.924	0.4295206547892394
1.925	0.4293805472574332
1.926	0.42924052682934033
1.927	0.4291005934292678
1.928	0.4289607469816009
1.929	0.4288209874108032
1.93	0.42868131464141757
1.931	0.42854172859806383
1.932	0.4284022292054412
1.933	0.428262816388327
1.934	0.4281234900715763
1.935	0.42798425018012215
1.936	0.42784509663897624
1.937	0.4277060293732273
1.938	0.42756704830804243
1.939	0.42742815336866585
1.94	0.4272893444804202
1.941	0.42715062156870504
1.942	0.4270119845589975
1.943	0.4268734333768523
1.944	0.42673496794790144
1.945	0.4265965881978536
1.946	0.4264582940524951
1.947	0.4263200854376892
1.948	0.4261819622793761
1.949	0.42604392450357337
1.95	0.42590597203637404
1.951	0.42576810480394933
1.952	0.425630322732546
1.953	0.4254926257484883
1.954	0.42535501377817675
1.955	0.42521748674808696
1.956	0.425080044584773
1.957	0.424942687214863
1.958	0.42480541456506316
1.959	0.42466822656215436
1.96	0.4245311231329941
1.961	0.42439410420451523
1.962	0.42425716970372773
1.963	0.42412031955771573
1.964	0.4239835536936396
1.965	0.4238468720387358
1.966	0.42371027452031534
1.967	0.4235737610657661
1.968	0.4234373316025489
1.969	0.4233009860582027
1.97	0.4231647243603394
1.971	0.42302854643664684
1.972	0.42289245221488775
1.973	0.42275644162289977
1.974	0.42262051458859595
1.975	0.422484671039963
1.976	0.422348910905063
1.977	0.4222132341120329
1.978	0.4220776405890835
1.979	0.42194213026450034
1.98	0.4218067030666434
1.981	0.4216713589239469
1.982	0.4215360977649192
1.983	0.42140091951814274
1.984	0.42126582411227437
1.985	0.42113081147604403
1.986	0.4209958815382567
1.987	0.4208610342277903
1.988	0.4207262694735968
1.989	0.4205915872047019
1.99	0.42045698735020415
1.991	0.42032246983927685
1.992	0.42018803460116566
1.993	0.42005368156518974
1.994	0.41991941066074223
1.995	0.41978522181728845
1.996	0.41965111496436724
1.997	0.4195170900315903
1.998	0.41938314694864276
1.999	0.4192492856452817
2.	0.41911550605133807
2.0010000000000003	0.4189818080967143
2.002	0.4188481917113868
2.003	0.4187146568254032
2.004	0.4185812033688843
2.005	0.41844783127202284
2.0060000000000002	0.41831454046508476
2.007	0.41818133087840703
2.008	0.41804820244239965
2.0090000000000003	0.4179151550875443
2.01	0.41778218874439466
2.011	0.41764930334357636
2.012	0.41751649881578673
2.013	0.41738377509179486
2.0140000000000002	0.41725113210244186
2.015	0.4171185697786402
2.016	0.41698608805137377
2.0170000000000003	0.4168536868516977
2.018	0.4167213661107393
2.019	0.4165891257596962
2.02	0.4164569657298374
2.021	0.4163248859525038
2.0220000000000002	0.4161928863591061
2.023	0.4160609668811276
2.024	0.4159291274501208
2.0250000000000004	0.41579736799771017
2.026	0.4156656884555903
2.027	0.41553408875552666
2.028	0.4154025688293553
2.029	0.415271128608983
2.0300000000000002	0.4151397680263865
2.031	0.4150084870136129
2.032	0.41487728550278036
2.0330000000000004	0.41474616342607645
2.034	0.41461512071575884
2.035	0.4144841573041557
2.036	0.41435327312366504
2.037	0.41422246810675445
2.0380000000000003	0.4140917421859616
2.0389999999999997	0.4139610952938941
2.04	0.4138305273632287
2.041	0.4137000383267117
2.042	0.41356962811715986
2.043	0.4134392966674584
2.044	0.41330904391056233
2.045	0.4131788697794954
2.0460000000000003	0.41304877420735164
2.0469999999999997	0.41291875712729315
2.048	0.41278881847255194
2.049	0.41265895817642767
2.05	0.41252917617229046
2.051	0.41239947239357827
2.052	0.41226984677379824
2.053	0.4121402992465261
2.0540000000000003	0.412010829745406
2.0549999999999997	0.4118814382041507
2.056	0.4117521245565413
2.057	0.4116228887364279
2.058	0.41149373067772776
2.059	0.4113646503144274
2.06	0.41123564758058123
2.061	0.41110672241031143
2.0620000000000003	0.41097787473780784
2.0629999999999997	0.41084910449732936
2.064	0.41072041162320183
2.065	0.4105917960498192
2.066	0.410463257711643
2.067	0.4103347965432024
2.068	0.410206412479094
2.069	0.4100781054539822
2.0700000000000003	0.4099498754025984
2.0709999999999997	0.40982172225974195
2.072	0.4096936459602784
2.073	0.4095656464391418
2.074	0.409437723631332
2.075	0.409309877471917
2.076	0.4091821078960306
2.077	0.40905441483887467
2.0780000000000003	0.408926798235717
2.0789999999999997	0.408799258021893
2.08	0.40867179413280313
2.081	0.4085444065039165
2.082	0.40841709507076707
2.083	0.4082898597689564
2.084	0.40816270053415116
2.085	0.4080356173020858
2.0860000000000003	0.4079086100085596
2.0869999999999997	0.4077816785894392
2.088	0.4076548229806561
2.089	0.40752804311820906
2.09	0.40740133893816177
2.091	0.40727471037664387
2.092	0.4071481573698516
2.093	0.40702167985404597
2.0940000000000003	0.40689527776555423
2.0949999999999998	0.4067689510407684
2.096	0.4066426996161474
2.097	0.4065165234282139
2.098	0.4063904224135572
2.099	0.4062643965088311
2.1	0.40613844565075485
2.101	0.4060125697761133
2.1020000000000003	0.4058867688217555
2.1029999999999998	0.40576104272459607
2.104	0.4056353914216141
2.105	0.40550981484985377
2.106	0.4053843129464248
2.107	0.4052588856484997
2.108	0.4051335328933174
2.109	0.40500825461818035
2.1100000000000003	0.40488305076045633
2.1109999999999998	0.4047579212575769
2.112	0.4046328660470377
2.113	0.4045078850663991
2.114	0.40438297825328606
2.115	0.4042581455453865
2.116	0.4041333868804539
2.117	0.40400870219630414
2.1180000000000003	0.4038840914308178
2.1189999999999998	0.4037595545219395
2.12	0.40363509140767756
2.121	0.40351070202610345
2.122	0.4033863863153527
2.123	0.403262144213624
2.124	0.40313797565918075
2.125	0.40301388059034793
2.1260000000000003	0.4028898589455151
2.127	0.40276591066313466
2.128	0.40264203568172274
2.129	0.4025182339398574
2.13	0.40239450537618104
2.1310000000000002	0.40227084992939843
2.132	0.40214726753827723
2.133	0.40202375814164826
2.1340000000000003	0.40190032167840467
2.135	0.40177695808750313
2.136	0.4016536673079618
2.137	0.4015304492788622
2.138	0.4014073039393482
2.1390000000000002	0.4012842312286258
2.14	0.40116123108596397
2.141	0.4010383034506938
2.1420000000000003	0.4009154482622075
2.143	0.40079266545996123
2.144	0.40066995498347185
2.145	0.4005473167723189
2.146	0.4004247507661434
2.1470000000000002	0.40030225690464893
2.148	0.4001798351276002
2.149	0.40005748537482405
2.1500000000000004	0.39993520758620893
2.151	0.3998130017017043
2.152	0.39969086766132245
2.153	0.39956880540513556
2.154	0.3994468148732786
2.1550000000000002	0.39932489600594673
2.156	0.3992030487433974
2.157	0.3990812730259486
2.1580000000000004	0.3989595687939789
2.159	0.3988379359879293
2.16	0.39871637454830083
2.161	0.3985948844156557
2.162	0.398473465530617
2.1630000000000003	0.3983521178338679
2.164	0.39823084126615377
2.165	0.3981096357682793
2.166	0.39798850128110996
2.167	0.39786743774557265
2.168	0.3977464451026532
2.169	0.3976255232933993
2.17	0.3975046722589177
2.1710000000000003	0.39738389194037654
2.1719999999999997	0.39726318227900315
2.173	0.3971425432160854
2.174	0.397021974692971
2.175	0.3969014766510681
2.176	0.396781049031844
2.177	0.39666069177682656
2.178	0.39654040482760333
2.1790000000000003	0.39642018812582047
2.1799999999999997	0.3963000416131852
2.181	0.3961799652314636
2.182	0.3960599589224812
2.183	0.3959400226281234
2.184	0.39582015629033435
2.185	0.3957003598511177
2.186	0.39558063325253723
2.1870000000000003	0.3954609764367143
2.1879999999999997	0.3953413893458304
2.189	0.39522187192212616
2.19	0.3951024241079003
2.191	0.3949830458455112
2.192	0.39486373707737565
2.193	0.3947444977459698
2.194	0.39462532779382764
2.1950000000000003	0.39450622716354233
2.1959999999999997	0.39438719579776615
2.197	0.3942682336392083
2.198	0.3941493406306379
2.199	0.3940305167148818
2.2	0.39391176183482546