[0.0044473  0.00889461 0.00889461 0.00889461 0.01334191]
[0.0044473  0.0044473  0.00889461 0.00889461 0.00889461]
[0.0044473  0.0044473  0.0044473  0.00889461 0.0044473 ]
[9.40270976e+10+0.j 2.01139922e+11+0.j 7.70186900e+10+0.j
 2.17026640e+11+0.j 4.61320434e+11+0.j]


[0.00422885 0.00845769 0.00845769 0.00845769 0.01268654]
[0.00422885 0.00422885 0.00845769 0.00845769 0.00845769]
[0.00422885 0.00422885 0.00422885 0.00845769 0.00422885]
[9.72674623e+10+0.j 1.67237263e+11+0.j 9.09638214e+10+0.j
 2.30492997e+11+0.j 3.82819668e+11+0.j]


[0.00406237 0.00812474 0.00812474 0.00812474 0.0121871 ]
[0.00406237 0.00406237 0.00812474 0.00812474 0.00812474]
[0.00406237 0.00406237 0.00406237 0.00812474 0.00406237]
[1.01686831e+11+0.j 1.52313721e+11+0.j 1.07892771e+11+0.j
 2.45862058e+11+0.j 3.39705217e+11+0.j]


[0.00393212 0.00786423 0.00786423 0.00786423 0.01179635]
[0.00393212 0.00393212 0.00786423 0.00786423 0.00786423]
[0.00393212 0.00393212 0.00393212 0.00786423 0.00393212]
[1.03217232e+11+0.j 1.40200272e+11+0.j 1.18758405e+11+0.j
 2.53532562e+11+0.j 3.05817570e+11+0.j]


[0.00382859 0.00765718 0.00765718 0.00765718 0.01148578]
[0.00382859 0.00382859 0.00765718 0.00765718 0.00765718]
[0.00382859 0.00382859 0.00382859 0.00765718 0.00382859]
[1.06075598e+11+0.j 1.34428721e+11+0.j 1.31309260e+11+0.j
 2.63852264e+11+0.j 2.85117834e+11+0.j]


[0.0037457  0.00749139 0.00749139 0.00749139 0.01123709]
[0.0037457  0.0037457  0.00749139 0.00749139 0.00749139]
[0.0037457  0.0037457  0.0037457  0.00749139 0.0037457 ]
[1.07206405e+11+0.j 1.26406562e+11+0.j 1.39187732e+11+0.j
 2.69371560e+11+0.j 2.63467869e+11+0.j]


[0.00367934 0.00735868 0.00735868 0.00735868 0.01103802]
[0.00367934 0.00367934 0.00735868 0.00735868 0.00735868]
[0.00367934 0.00367934 0.00367934 0.00735868 0.00367934]
[1.06826440e+11+0.j 1.21575260e+11+0.j 1.44167791e+11+0.j
 2.70600682e+11+0.j 2.48605720e+11+0.j]


[0.0036267  0.00725341 0.00725341 0.00725341 0.01088011]
[0.0036267  0.0036267  0.00725341 0.00725341 0.00725341]
[0.0036267  0.0036267  0.0036267  0.00725341 0.0036267 ]
[1.05667523e+11+0.j 1.17047616e+11+0.j 1.46943522e+11+0.j
 2.69395745e+11+0.j 2.35609808e+11+0.j]


[0.0035858  0.0071716  0.0071716  0.0071716  0.01075739]
[0.0035858 0.0035858 0.0071716 0.0071716 0.0071716]
[0.0035858 0.0035858 0.0035858 0.0071716 0.0035858]
[1.06056862e+11+0.j 1.13735561e+11+0.j 1.51599550e+11+0.j
 2.71750192e+11+0.j 2.25585606e+11+0.j]


[0.00355094 0.00710188 0.00710188 0.00710188 0.01065282]
[0.00355094 0.00355094 0.00710188 0.00710188 0.00710188]
[0.00355094 0.00355094 0.00355094 0.00710188 0.00355094]
[1.05452739e+11+0.j 1.11873168e+11+0.j 1.54389039e+11+0.j
 2.71364462e+11+0.j 2.18589129e+11+0.j]


[0.00352359 0.00704718 0.00704718 0.00704718 0.01057077]
[0.00352359 0.00352359 0.00704718 0.00704718 0.00704718]
[0.00352359 0.00352359 0.00352359 0.00704718 0.00352359]
[1.04389475e+11+0.j 1.09836366e+11+0.j 1.55812791e+11+0.j
 2.69538263e+11+0.j 2.11962387e+11+0.j]


[0.00350312 0.00700623 0.00700623 0.00700623 0.01050935]
[0.00350312 0.00350312 0.00700623 0.00700623 0.00700623]
[0.00350312 0.00350312 0.00350312 0.00700623 0.00350312]
[1.04393682e+11+0.j 1.09656240e+11+0.j 1.58873997e+11+0.j
 2.70235801e+11+0.j 2.08794204e+11+0.j]


[0.00348707 0.00697415 0.00697415 0.00697415 0.01046122]
[0.00348707 0.00348707 0.00697415 0.00697415 0.00697415]
[0.00348707 0.00348707 0.00348707 0.00697415 0.00348707]
[1.04022087e+11+0.j 1.07881134e+11+0.j 1.60569448e+11+0.j
 2.69815668e+11+0.j 2.03488199e+11+0.j]


[0.00347328 0.00694655 0.00694655 0.00694655 0.01041983]
[0.00347328 0.00347328 0.00694655 0.00694655 0.00694655]
[0.00347328 0.00347328 0.00347328 0.00694655 0.00347328]
[1.03125038e+11+0.j 1.06951016e+11+0.j 1.61317191e+11+0.j
 2.67952807e+11+0.j 1.99820920e+11+0.j]


