# z 	 SNR var kmax 	 SNR fix kmax 	 Newt
0.7 2.58328869 2.70455970 104.38026380
0.8 2.99380690 2.99380690 108.15484234
0.9 3.32932695 3.20028027 106.79124963
1.0 3.79318877 3.53535542 110.59883542
1.1 4.21240768 3.71607954 106.62218631
1.2 4.45745423 3.86761684 101.97028339
1.3 4.51071203 3.75805566 91.09346844
1.4 3.39685522 2.83086704 82.40267338
1.5 3.15034707 2.58596264 66.69754236
1.6 2.96641509 2.46092218 57.91236455
1.7 2.64974728 2.18178974 46.26309879
1.8 2.22963303 1.83410293 35.19877813
1.9 1.97303484 1.65651034 29.61852355
2.0 1.75731247 1.46507730 24.04912243
