# z 	 SNR LO 	 var HO 	 all HO 
0.7 14.22706019 14.20910155 14.22744897
0.8 19.11488654 19.09487493 19.12617939
0.9 23.67025989 23.65055266 23.69737337
1.0 30.72139658 30.70203416 30.77307123
1.1 37.98269826 37.96379109 38.06259555
1.2 42.65922043 42.63989475 42.76280557
1.3 43.81331499 43.79939446 43.93964788
1.4 24.90245180 24.94345092 25.06377466
1.5 21.51822016 21.55136609 21.65659152
1.6 19.14203010 19.16863772 19.26377207
1.7 15.31939265 15.33709204 15.41401352
1.8 10.87692795 10.88625509 10.94112247
1.9 8.52952944 8.53469691 8.57850260
2.0 6.78083900 6.78309191 6.81909086
