#           k/h    P           
   0.105001E-04   0.493209E+02
   0.106056E-04   0.498005E+02
   0.107122E-04   0.502847E+02
   0.108199E-04   0.507737E+02
   0.109286E-04   0.512674E+02
   0.110384E-04   0.517659E+02
   0.111494E-04   0.522693E+02
   0.112614E-04   0.527776E+02
   0.113746E-04   0.532908E+02
   0.114889E-04   0.538090E+02
   0.116044E-04   0.543322E+02
   0.117210E-04   0.548605E+02
   0.118388E-04   0.553940E+02
   0.119578E-04   0.559326E+02
   0.120780E-04   0.564765E+02
   0.121993E-04   0.570257E+02
   0.123220E-04   0.575802E+02
   0.124458E-04   0.581401E+02
   0.125709E-04   0.587054E+02
   0.126972E-04   0.592763E+02
   0.128248E-04   0.598527E+02
   0.129537E-04   0.604347E+02
   0.130839E-04   0.610223E+02
   0.132154E-04   0.616157E+02
   0.133482E-04   0.622149E+02
   0.134824E-04   0.628198E+02
   0.136179E-04   0.634307E+02
   0.137547E-04   0.640475E+02
   0.138930E-04   0.646703E+02
   0.140326E-04   0.652991E+02
   0.141736E-04   0.659341E+02
   0.143161E-04   0.665752E+02
   0.144599E-04   0.672226E+02
   0.146053E-04   0.678762E+02
   0.147521E-04   0.685362E+02
   0.149003E-04   0.692027E+02
   0.150501E-04   0.698756E+02
   0.152013E-04   0.705551E+02
   0.153541E-04   0.712411E+02
   0.155084E-04   0.719339E+02
   0.156643E-04   0.726333E+02
   0.158217E-04   0.733396E+02
   0.159807E-04   0.740528E+02
   0.161413E-04   0.747728E+02
   0.163035E-04   0.754999E+02
   0.164674E-04   0.762341E+02
   0.166329E-04   0.769753E+02
   0.168001E-04   0.777239E+02
   0.169689E-04   0.784796E+02
   0.171394E-04   0.792427E+02
   0.173117E-04   0.800133E+02
   0.174857E-04   0.807913E+02
   0.176614E-04   0.815769E+02
   0.178389E-04   0.823701E+02
   0.180182E-04   0.831711E+02
   0.181993E-04   0.839798E+02
   0.183822E-04   0.847965E+02
   0.185669E-04   0.856210E+02
   0.187535E-04   0.864536E+02
   0.189420E-04   0.872942E+02
   0.191324E-04   0.881430E+02
   0.193247E-04   0.890001E+02
   0.195189E-04   0.898655E+02
   0.197151E-04   0.907394E+02
   0.199132E-04   0.916217E+02
   0.201133E-04   0.925126E+02
   0.203155E-04   0.934122E+02
   0.205196E-04   0.943205E+02
   0.207259E-04   0.952377E+02
   0.209342E-04   0.961637E+02
   0.211446E-04   0.970988E+02
   0.213571E-04   0.980429E+02
   0.215717E-04   0.989963E+02
   0.217885E-04   0.999589E+02
   0.220075E-04   0.100931E+03
   0.222287E-04   0.101912E+03
   0.224521E-04   0.102903E+03
   0.226777E-04   0.103904E+03
   0.229056E-04   0.104914E+03
   0.231358E-04   0.105934E+03
   0.233683E-04   0.106964E+03
   0.236032E-04   0.108005E+03
   0.238404E-04   0.109055E+03
   0.240800E-04   0.110115E+03
   0.243220E-04   0.111186E+03
   0.245665E-04   0.112267E+03
   0.248134E-04   0.113359E+03
   0.250627E-04   0.114461E+03
   0.253146E-04   0.115574E+03
   0.255690E-04   0.116698E+03
   0.258260E-04   0.117832E+03
   0.260856E-04   0.118978E+03
   0.263477E-04   0.120135E+03
   0.266125E-04   0.121303E+03
   0.268800E-04   0.122483E+03
   0.271502E-04   0.123674E+03
   0.274230E-04   0.124876E+03
   0.276986E-04   0.126090E+03
   0.279770E-04   0.127317E+03
   0.282582E-04   0.128554E+03
   0.285422E-04   0.129805E+03
   0.288290E-04   0.131067E+03
   0.291188E-04   0.132341E+03
   0.294114E-04   0.133628E+03
   0.297070E-04   0.134927E+03
   0.300056E-04   0.136239E+03
   0.303071E-04   0.137564E+03
   0.306117E-04   0.138902E+03
   0.309194E-04   0.140252E+03
   0.312301E-04   0.141616E+03
   0.315440E-04   0.142993E+03
   0.318610E-04   0.144383E+03
   0.321812E-04   0.145787E+03
   0.325046E-04   0.147205E+03
   0.328313E-04   0.148636E+03
   0.331613E-04   0.150081E+03
   0.334945E-04   0.151541E+03
   0.338312E-04   0.153014E+03
   0.341712E-04   0.154502E+03
   0.345146E-04   0.156004E+03
   0.348615E-04   0.157521E+03
   0.352118E-04   0.159053E+03
   0.355657E-04   0.160599E+03
   0.359232E-04   0.162161E+03
   0.362842E-04   0.163738E+03
   0.366489E-04   0.165330E+03
   0.370172E-04   0.166937E+03
   0.373892E-04   0.168560E+03
   0.377650E-04   0.170199E+03
   0.381445E-04   0.171854E+03
   0.385279E-04   0.173525E+03
   0.389151E-04   0.175212E+03
   0.393062E-04   0.176916E+03
   0.397012E-04   0.178636E+03
   0.401003E-04   0.180373E+03
   0.405033E-04   0.182127E+03
   0.409103E-04   0.183898E+03
   0.413215E-04   0.185686E+03
   0.417368E-04   0.187491E+03
   0.421562E-04   0.189314E+03
   0.425799E-04   0.191155E+03
   0.430078E-04   0.193014E+03
   0.434401E-04   0.194890E+03
   0.438767E-04   0.196785E+03
   0.443176E-04   0.198698E+03
   0.447630E-04   0.200630E+03
   0.452129E-04   0.202581E+03
   0.456673E-04   0.204551E+03
   0.461263E-04   0.206540E+03
   0.465898E-04   0.208548E+03
   0.470581E-04   0.210575E+03
   0.475310E-04   0.212623E+03
   0.480087E-04   0.214690E+03
   0.484912E-04   0.216778E+03
   0.489786E-04   0.218885E+03
   0.494708E-04   0.221013E+03
   0.499680E-04   0.223162E+03
   0.504702E-04   0.225332E+03
   0.509774E-04   0.227523E+03
   0.514897E-04   0.229735E+03
   0.520072E-04   0.231969E+03
   0.525299E-04   0.234224E+03
   0.530578E-04   0.236501E+03
   0.535911E-04   0.238800E+03
   0.541297E-04   0.241122E+03
   0.546737E-04   0.243466E+03
   0.552232E-04   0.245834E+03
   0.557782E-04   0.248224E+03
   0.563387E-04   0.250637E+03
   0.569050E-04   0.253074E+03
   0.574769E-04   0.255534E+03
   0.580545E-04   0.258019E+03
   0.586380E-04   0.260527E+03
   0.592273E-04   0.263060E+03
   0.598225E-04   0.265618E+03
   0.604238E-04   0.268200E+03
   0.610310E-04   0.270807E+03
   0.616444E-04   0.273440E+03
   0.622639E-04   0.276099E+03
   0.628897E-04   0.278783E+03
   0.635218E-04   0.281493E+03
   0.641602E-04   0.284230E+03
   0.648050E-04   0.286993E+03
   0.654563E-04   0.289783E+03
   0.661141E-04   0.292600E+03
   0.667786E-04   0.295445E+03
   0.674497E-04   0.298317E+03
   0.681276E-04   0.301217E+03
   0.688123E-04   0.304146E+03
   0.695039E-04   0.307102E+03
   0.702024E-04   0.310088E+03
   0.709079E-04   0.313102E+03
   0.716206E-04   0.316146E+03
   0.723404E-04   0.319219E+03
   0.730674E-04   0.322323E+03
   0.738018E-04   0.325456E+03
   0.745435E-04   0.328620E+03
   0.752926E-04   0.331814E+03
   0.760494E-04   0.335040E+03
   0.768137E-04   0.338297E+03
   0.775857E-04   0.341585E+03
   0.783654E-04   0.344906E+03
   0.791530E-04   0.348259E+03
   0.799485E-04   0.351644E+03
   0.807520E-04   0.355062E+03
   0.815636E-04   0.358514E+03
   0.823833E-04   0.361999E+03
   0.832112E-04   0.365517E+03
   0.840475E-04   0.369070E+03
   0.848922E-04   0.372658E+03
   0.857454E-04   0.376280E+03
   0.866072E-04   0.379938E+03
   0.874776E-04   0.383631E+03
   0.883567E-04   0.387360E+03
   0.892447E-04   0.391125E+03
   0.901417E-04   0.394926E+03
   0.910476E-04   0.398765E+03
   0.919627E-04   0.402641E+03
   0.928869E-04   0.406555E+03
   0.938204E-04   0.410506E+03
   0.947633E-04   0.414496E+03
   0.957157E-04   0.418525E+03
   0.966777E-04   0.422592E+03
   0.976493E-04   0.426699E+03
   0.986307E-04   0.430847E+03
   0.996220E-04   0.435034E+03
   0.100623E-03   0.439262E+03
   0.101634E-03   0.443531E+03
   0.102656E-03   0.447842E+03
   0.103688E-03   0.452194E+03
   0.104730E-03   0.456589E+03
   0.105782E-03   0.461026E+03
   0.106845E-03   0.465506E+03
   0.107919E-03   0.470030E+03
   0.109004E-03   0.474598E+03
   0.110099E-03   0.479210E+03
   0.111206E-03   0.483867E+03
   0.112323E-03   0.488569E+03
   0.113452E-03   0.493316E+03
   0.114593E-03   0.498110E+03
   0.115744E-03   0.502950E+03
   0.116907E-03   0.507838E+03
   0.118082E-03   0.512772E+03
   0.119269E-03   0.517755E+03
   0.120468E-03   0.522786E+03
   0.121679E-03   0.527865E+03
   0.122901E-03   0.532994E+03
   0.124137E-03   0.538173E+03
   0.125384E-03   0.543402E+03
   0.126644E-03   0.548682E+03
   0.127917E-03   0.554012E+03
   0.129203E-03   0.559395E+03
   0.130501E-03   0.564830E+03
   0.131813E-03   0.570317E+03
   0.133138E-03   0.575858E+03
   0.134476E-03   0.581452E+03
   0.135827E-03   0.587101E+03
   0.137192E-03   0.592804E+03
   0.138571E-03   0.598563E+03
   0.139964E-03   0.604377E+03
   0.141370E-03   0.610248E+03
   0.142791E-03   0.616176E+03
   0.144226E-03   0.622161E+03
   0.145676E-03   0.628205E+03
   0.147140E-03   0.634307E+03
   0.148618E-03   0.640468E+03
   0.150112E-03   0.646688E+03
   0.151621E-03   0.652969E+03
   0.153145E-03   0.659311E+03
   0.154684E-03   0.665714E+03
   0.156238E-03   0.672180E+03
   0.157809E-03   0.678707E+03
   0.159395E-03   0.685299E+03
   0.160996E-03   0.691953E+03
   0.162615E-03   0.698673E+03
   0.164249E-03   0.705457E+03
   0.165900E-03   0.712307E+03
   0.167567E-03   0.719224E+03
   0.169251E-03   0.726207E+03
   0.170952E-03   0.733258E+03
   0.172670E-03   0.740377E+03
   0.174405E-03   0.747566E+03
   0.176158E-03   0.754823E+03
   0.177929E-03   0.762152E+03
   0.179717E-03   0.769550E+03
   0.181523E-03   0.777021E+03
   0.183347E-03   0.784564E+03
   0.185190E-03   0.792179E+03
   0.187051E-03   0.799869E+03
   0.188931E-03   0.807632E+03
   0.190830E-03   0.815471E+03
   0.192748E-03   0.823386E+03
   0.194685E-03   0.831377E+03
   0.196642E-03   0.839445E+03
   0.198618E-03   0.847592E+03
   0.200614E-03   0.855817E+03
   0.202630E-03   0.864121E+03
   0.204667E-03   0.872506E+03
   0.206724E-03   0.880972E+03
   0.208801E-03   0.889519E+03
   0.210900E-03   0.898149E+03
   0.213019E-03   0.906863E+03
   0.215160E-03   0.915660E+03
   0.217323E-03   0.924543E+03
   0.219507E-03   0.933511E+03
   0.221713E-03   0.942566E+03
   0.223941E-03   0.951708E+03
   0.226192E-03   0.960938E+03
   0.228465E-03   0.970258E+03
   0.230761E-03   0.979667E+03
   0.233080E-03   0.989167E+03
   0.235423E-03   0.998759E+03
   0.237789E-03   0.100844E+04
   0.240179E-03   0.101822E+04
   0.242592E-03   0.102809E+04
   0.245030E-03   0.103806E+04
   0.247493E-03   0.104812E+04
   0.249980E-03   0.105828E+04
   0.252493E-03   0.106854E+04
   0.255030E-03   0.107890E+04
   0.257593E-03   0.108935E+04
   0.260182E-03   0.109991E+04
   0.262797E-03   0.111057E+04
   0.265438E-03   0.112133E+04
   0.268106E-03   0.113219E+04
   0.270801E-03   0.114316E+04
   0.273522E-03   0.115424E+04
   0.276271E-03   0.116542E+04
   0.279048E-03   0.117671E+04
   0.281852E-03   0.118810E+04
   0.284685E-03   0.119961E+04
   0.287546E-03   0.121123E+04
   0.290436E-03   0.122296E+04
   0.293355E-03   0.123480E+04
   0.296303E-03   0.124675E+04
   0.299281E-03   0.125882E+04
   0.302289E-03   0.127101E+04
   0.305327E-03   0.128331E+04
   0.308395E-03   0.129573E+04
   0.311495E-03   0.130827E+04
   0.314625E-03   0.132093E+04
   0.317787E-03   0.133371E+04
   0.320981E-03   0.134661E+04
   0.324207E-03   0.135964E+04
   0.327465E-03   0.137279E+04
   0.330757E-03   0.138607E+04
   0.334081E-03   0.139947E+04
   0.337438E-03   0.141300E+04
   0.340830E-03   0.142667E+04
   0.344255E-03   0.144046E+04
   0.347715E-03   0.145438E+04
   0.351209E-03   0.146844E+04
   0.354739E-03   0.148263E+04
   0.358304E-03   0.149696E+04
   0.361905E-03   0.151142E+04
   0.365543E-03   0.152602E+04
   0.369216E-03   0.154077E+04
   0.372927E-03   0.155565E+04
   0.376675E-03   0.157067E+04
   0.380461E-03   0.158584E+04
   0.384284E-03   0.160115E+04
   0.388146E-03   0.161661E+04
   0.392047E-03   0.163221E+04
   0.395987E-03   0.164796E+04
   0.399967E-03   0.166386E+04
   0.403987E-03   0.167992E+04
   0.408047E-03   0.169612E+04
   0.412148E-03   0.171248E+04
   0.416290E-03   0.172900E+04
   0.420474E-03   0.174567E+04
   0.424700E-03   0.176250E+04
   0.428968E-03   0.177949E+04
   0.433279E-03   0.179664E+04
   0.437634E-03   0.181395E+04
   0.442032E-03   0.183143E+04
   0.446475E-03   0.184907E+04
   0.450962E-03   0.186688E+04
   0.455494E-03   0.188486E+04
   0.460072E-03   0.190301E+04
   0.464696E-03   0.192133E+04
   0.469366E-03   0.193982E+04
   0.474083E-03   0.195849E+04
   0.478848E-03   0.197733E+04
   0.483660E-03   0.199635E+04
   0.488521E-03   0.201555E+04
   0.493431E-03   0.203493E+04
   0.498390E-03   0.205449E+04
   0.503399E-03   0.207424E+04
   0.508458E-03   0.209417E+04
   0.513568E-03   0.211429E+04
   0.518729E-03   0.213460E+04
   0.523943E-03   0.215510E+04
   0.529208E-03   0.217579E+04
   0.534527E-03   0.219668E+04
   0.539899E-03   0.221776E+04
   0.545325E-03   0.223904E+04
   0.550806E-03   0.226051E+04
   0.556342E-03   0.228219E+04
   0.561933E-03   0.230407E+04
   0.567581E-03   0.232616E+04
   0.573285E-03   0.234845E+04
   0.579046E-03   0.237095E+04
   0.584866E-03   0.239366E+04
   0.590744E-03   0.241658E+04
   0.596681E-03   0.243971E+04
   0.602678E-03   0.246306E+04
   0.608735E-03   0.248663E+04
   0.614853E-03   0.251041E+04
   0.621032E-03   0.253442E+04
   0.627273E-03   0.255865E+04
   0.633578E-03   0.258310E+04
   0.639945E-03   0.260778E+04
   0.646377E-03   0.263269E+04
   0.652873E-03   0.265783E+04
   0.659435E-03   0.268320E+04
   0.666062E-03   0.270880E+04
   0.672756E-03   0.273464E+04
   0.679517E-03   0.276072E+04
   0.686347E-03   0.278704E+04
   0.693244E-03   0.281360E+04
   0.700212E-03   0.284041E+04
   0.707249E-03   0.286746E+04
   0.714357E-03   0.289476E+04
   0.721536E-03   0.292231E+04
   0.728788E-03   0.295011E+04
   0.736112E-03   0.297817E+04
   0.743510E-03   0.300648E+04
   0.750982E-03   0.303505E+04
   0.758530E-03   0.306389E+04
   0.766153E-03   0.309298E+04
   0.773853E-03   0.312234E+04
   0.781631E-03   0.315197E+04
   0.789486E-03   0.318187E+04
   0.797421E-03   0.321204E+04
   0.805435E-03   0.324248E+04
   0.813530E-03   0.327320E+04
   0.821706E-03   0.330420E+04
   0.829964E-03   0.333547E+04
   0.838305E-03   0.336703E+04
   0.846731E-03   0.339888E+04
   0.855240E-03   0.343101E+04
   0.863836E-03   0.346343E+04
   0.872517E-03   0.349614E+04
   0.881286E-03   0.352915E+04
   0.890143E-03   0.356245E+04
   0.899090E-03   0.359605E+04
   0.908125E-03   0.362995E+04
   0.917252E-03   0.366416E+04
   0.926471E-03   0.369867E+04
   0.935782E-03   0.373349E+04
   0.945187E-03   0.376862E+04
   0.954686E-03   0.380406E+04
   0.964281E-03   0.383981E+04
   0.973972E-03   0.387589E+04
   0.983760E-03   0.391228E+04
   0.993647E-03   0.394899E+04
   0.100363E-02   0.398603E+04
   0.101372E-02   0.402340E+04
   0.102391E-02   0.406109E+04
   0.103420E-02   0.409912E+04
   0.104459E-02   0.413748E+04
   0.105509E-02   0.417618E+04
   0.106570E-02   0.421521E+04
   0.107641E-02   0.425459E+04
   0.108722E-02   0.429431E+04
   0.109815E-02   0.433438E+04
   0.110919E-02   0.437479E+04
   0.112033E-02   0.441556E+04
   0.113159E-02   0.445668E+04
   0.114297E-02   0.449816E+04
   0.115445E-02   0.453999E+04
   0.116606E-02   0.458219E+04
   0.117778E-02   0.462475E+04
   0.118961E-02   0.466768E+04
   0.120157E-02   0.471097E+04
   0.121364E-02   0.475464E+04
   0.122584E-02   0.479868E+04
   0.123816E-02   0.484309E+04
   0.125060E-02   0.488788E+04
   0.126317E-02   0.493306E+04
   0.127587E-02   0.497862E+04
   0.128869E-02   0.502456E+04
   0.130164E-02   0.507089E+04
   0.131472E-02   0.511761E+04
   0.132794E-02   0.516473E+04
   0.134128E-02   0.521224E+04
   0.135476E-02   0.526015E+04
   0.136838E-02   0.530846E+04
   0.138213E-02   0.535717E+04
   0.139602E-02   0.540629E+04
   0.141005E-02   0.545582E+04
   0.142422E-02   0.550576E+04
   0.143854E-02   0.555611E+04
   0.145300E-02   0.560687E+04
   0.146760E-02   0.565805E+04
   0.148235E-02   0.570966E+04
   0.149725E-02   0.576168E+04
   0.151229E-02   0.581414E+04
   0.152749E-02   0.586701E+04
   0.154284E-02   0.592032E+04
   0.155835E-02   0.597406E+04
   0.157401E-02   0.602824E+04
   0.158983E-02   0.608285E+04
   0.160581E-02   0.613790E+04
   0.162195E-02   0.619339E+04
   0.163825E-02   0.624933E+04
   0.165471E-02   0.630571E+04
   0.167134E-02   0.636254E+04
   0.168814E-02   0.641982E+04
   0.170511E-02   0.647755E+04
   0.172224E-02   0.653574E+04
   0.173955E-02   0.659438E+04
   0.175703E-02   0.665349E+04
   0.177469E-02   0.671305E+04
   0.179253E-02   0.677308E+04
   0.181054E-02   0.683357E+04
   0.182874E-02   0.689453E+04
   0.184712E-02   0.695596E+04
   0.186568E-02   0.701786E+04
   0.188443E-02   0.708024E+04
   0.190337E-02   0.714309E+04
   0.192250E-02   0.720641E+04
   0.194182E-02   0.727022E+04
   0.196134E-02   0.733450E+04
   0.198105E-02   0.739927E+04
   0.200096E-02   0.746452E+04
   0.202107E-02   0.753026E+04
   0.204138E-02   0.759649E+04
   0.206190E-02   0.766321E+04
   0.208262E-02   0.773041E+04
   0.210355E-02   0.779812E+04
   0.212469E-02   0.786631E+04
   0.214605E-02   0.793500E+04
   0.216761E-02   0.800419E+04
   0.218940E-02   0.807387E+04
   0.221140E-02   0.814406E+04
   0.223363E-02   0.821475E+04
   0.225608E-02   0.828594E+04
   0.227875E-02   0.835763E+04
   0.230165E-02   0.842983E+04
   0.232478E-02   0.850253E+04
   0.234815E-02   0.857574E+04
   0.237175E-02   0.864946E+04
   0.239558E-02   0.872369E+04
   0.241966E-02   0.879842E+04
   0.244398E-02   0.887367E+04
   0.246854E-02   0.894943E+04
   0.249335E-02   0.902570E+04
   0.251841E-02   0.910248E+04
   0.254372E-02   0.917978E+04
   0.256928E-02   0.925758E+04
   0.259511E-02   0.933591E+04
   0.262119E-02   0.941475E+04
   0.264753E-02   0.949410E+04
   0.267414E-02   0.957396E+04
   0.270101E-02   0.965435E+04
   0.272816E-02   0.973524E+04
   0.275558E-02   0.981666E+04
   0.278327E-02   0.989858E+04
   0.281124E-02   0.998102E+04
   0.283950E-02   0.100640E+05
   0.286804E-02   0.101474E+05
   0.289686E-02   0.102314E+05
   0.292597E-02   0.103159E+05
   0.295538E-02   0.104009E+05
   0.298508E-02   0.104864E+05
   0.301508E-02   0.105725E+05
   0.304538E-02   0.106590E+05
   0.307599E-02   0.107460E+05
   0.310691E-02   0.108336E+05
   0.313813E-02   0.109217E+05
   0.316967E-02   0.110102E+05
   0.320153E-02   0.110993E+05
   0.323370E-02   0.111889E+05
   0.326620E-02   0.112789E+05
   0.329903E-02   0.113695E+05
   0.333218E-02   0.114605E+05
   0.336567E-02   0.115521E+05
   0.339950E-02   0.116441E+05
   0.343366E-02   0.117367E+05
   0.346817E-02   0.118297E+05
   0.350303E-02   0.119232E+05
   0.353823E-02   0.120172E+05
   0.357379E-02   0.121117E+05
   0.360971E-02   0.122066E+05
   0.364599E-02   0.123020E+05
   0.368263E-02   0.123979E+05
   0.371964E-02   0.124943E+05
   0.375702E-02   0.125911E+05
   0.379478E-02   0.126884E+05
   0.383292E-02   0.127861E+05
   0.387144E-02   0.128843E+05
   0.391035E-02   0.129829E+05
   0.394965E-02   0.130820E+05
   0.398935E-02   0.131815E+05
   0.402944E-02   0.132814E+05
   0.406994E-02   0.133818E+05
   0.411084E-02   0.134826E+05
   0.415215E-02   0.135838E+05
   0.419388E-02   0.136854E+05
   0.423603E-02   0.137875E+05
   0.427861E-02   0.138899E+05
   0.432161E-02   0.139928E+05
   0.436504E-02   0.140960E+05
   0.440891E-02   0.141996E+05
   0.445322E-02   0.143036E+05
   0.449797E-02   0.144080E+05
   0.454318E-02   0.145127E+05
   0.458884E-02   0.146178E+05
   0.463496E-02   0.147232E+05
   0.468154E-02   0.148290E+05
   0.472859E-02   0.149351E+05
   0.477611E-02   0.150416E+05
   0.482411E-02   0.151484E+05
   0.487260E-02   0.152554E+05
   0.492157E-02   0.153628E+05
   0.497103E-02   0.154705E+05
   0.502099E-02   0.155785E+05
   0.507145E-02   0.156868E+05
   0.512242E-02   0.157953E+05
   0.517390E-02   0.159041E+05
   0.522590E-02   0.160131E+05
   0.527842E-02   0.161224E+05
   0.533147E-02   0.162319E+05
   0.538505E-02   0.163416E+05
   0.543917E-02   0.164515E+05
   0.549384E-02   0.165617E+05
   0.554905E-02   0.166720E+05
   0.560482E-02   0.167825E+05
   0.566115E-02   0.168932E+05
   0.571805E-02   0.170040E+05
   0.577551E-02   0.171149E+05
   0.583356E-02   0.172260E+05
   0.589219E-02   0.173372E+05
   0.595140E-02   0.174485E+05
   0.601122E-02   0.175599E+05
   0.607163E-02   0.176714E+05
   0.613265E-02   0.177829E+05
   0.619429E-02   0.178945E+05
   0.625654E-02   0.180061E+05
   0.631942E-02   0.181178E+05
   0.638293E-02   0.182294E+05
   0.644708E-02   0.183411E+05
   0.651187E-02   0.184527E+05
   0.657732E-02   0.185642E+05
   0.664342E-02   0.186758E+05
   0.671019E-02   0.187872E+05
   0.677763E-02   0.188986E+05
   0.684574E-02   0.190098E+05
   0.691455E-02   0.191210E+05
   0.698404E-02   0.192320E+05
   0.705423E-02   0.193428E+05
   0.712512E-02   0.194534E+05
   0.719673E-02   0.195639E+05
   0.726906E-02   0.196742E+05
   0.734212E-02   0.197842E+05
   0.741591E-02   0.198940E+05
   0.749044E-02   0.200035E+05
   0.756572E-02   0.201127E+05
   0.764175E-02   0.202216E+05
   0.771855E-02   0.203302E+05
   0.779613E-02   0.204384E+05
   0.787448E-02   0.205462E+05
   0.795362E-02   0.206537E+05
   0.803355E-02   0.207607E+05
   0.811429E-02   0.208673E+05
   0.819585E-02   0.209735E+05
   0.827821E-02   0.210791E+05
   0.836141E-02   0.211843E+05
   0.844544E-02   0.212889E+05
   0.853032E-02   0.213930E+05
   0.861605E-02   0.214965E+05
   0.870265E-02   0.215994E+05
   0.879011E-02   0.217016E+05
   0.887845E-02   0.218033E+05
   0.896768E-02   0.219042E+05
   0.905781E-02   0.220044E+05
   0.914884E-02   0.221039E+05
   0.924079E-02   0.222027E+05
   0.933366E-02   0.223006E+05
   0.942746E-02   0.223978E+05
   0.952221E-02   0.224941E+05
   0.961791E-02   0.225896E+05
   0.971457E-02   0.226841E+05
   0.981221E-02   0.227778E+05
   0.991082E-02   0.228704E+05
   0.100104E-01   0.229621E+05
   0.101110E-01   0.230528E+05
   0.102127E-01   0.231425E+05
   0.103153E-01   0.232311E+05
   0.104190E-01   0.233186E+05
   0.105237E-01   0.234049E+05
   0.106294E-01   0.234901E+05
   0.107363E-01   0.235741E+05
   0.108442E-01   0.236569E+05
   0.109532E-01   0.237385E+05
   0.110632E-01   0.238187E+05
   0.111744E-01   0.238976E+05
   0.112867E-01   0.239752E+05
   0.114002E-01   0.240513E+05
   0.115147E-01   0.241261E+05
   0.116305E-01   0.241994E+05
   0.117473E-01   0.242712E+05
   0.118654E-01   0.243415E+05
   0.119847E-01   0.244103E+05
   0.121051E-01   0.244774E+05
   0.122268E-01   0.245430E+05
   0.123496E-01   0.246068E+05
   0.124738E-01   0.246690E+05
   0.125991E-01   0.247295E+05
   0.127257E-01   0.247882E+05
   0.128536E-01   0.248451E+05
   0.129828E-01   0.249001E+05
   0.131133E-01   0.249533E+05
   0.132451E-01   0.250046E+05
   0.133782E-01   0.250540E+05
   0.135127E-01   0.251014E+05
   0.136485E-01   0.251467E+05
   0.137856E-01   0.251901E+05
   0.139242E-01   0.252313E+05
   0.140641E-01   0.252704E+05
   0.142055E-01   0.253074E+05
   0.143482E-01   0.253422E+05
   0.144924E-01   0.253748E+05
   0.146381E-01   0.254051E+05
   0.147852E-01   0.254331E+05
   0.149338E-01   0.254588E+05
   0.150839E-01   0.254821E+05
   0.152355E-01   0.255031E+05
   0.153886E-01   0.255216E+05
   0.155433E-01   0.255377E+05
   0.156995E-01   0.255512E+05
   0.158573E-01   0.255623E+05
   0.160166E-01   0.255708E+05
   0.161776E-01   0.255766E+05
   0.163402E-01   0.255799E+05
   0.165044E-01   0.255805E+05
   0.166703E-01   0.255785E+05
   0.168378E-01   0.255737E+05
   0.170070E-01   0.255662E+05
   0.171780E-01   0.255560E+05
   0.173506E-01   0.255429E+05
   0.175250E-01   0.255270E+05
   0.177011E-01   0.255083E+05
   0.178790E-01   0.254867E+05
   0.180587E-01   0.254623E+05
   0.182402E-01   0.254349E+05
   0.184235E-01   0.254046E+05
   0.186087E-01   0.253713E+05
   0.187957E-01   0.253351E+05
   0.189846E-01   0.252959E+05
   0.191754E-01   0.252537E+05
   0.193681E-01   0.252084E+05
   0.195628E-01   0.251602E+05
   0.197594E-01   0.251088E+05
   0.199579E-01   0.250545E+05
   0.201585E-01   0.249971E+05
   0.203611E-01   0.249366E+05
   0.205657E-01   0.248730E+05
   0.207724E-01   0.248064E+05
   0.209812E-01   0.247367E+05
   0.211921E-01   0.246639E+05
   0.214051E-01   0.245881E+05
   0.216202E-01   0.245091E+05
   0.218375E-01   0.244272E+05
   0.220569E-01   0.243421E+05
   0.222786E-01   0.242541E+05
   0.225025E-01   0.241630E+05
   0.227287E-01   0.240689E+05
   0.229571E-01   0.239718E+05
   0.231878E-01   0.238717E+05
   0.234209E-01   0.237687E+05
   0.236563E-01   0.236628E+05
   0.238940E-01   0.235539E+05
   0.241341E-01   0.234422E+05
   0.243767E-01   0.233277E+05
   0.246217E-01   0.232104E+05
   0.248691E-01   0.230904E+05
   0.251191E-01   0.229676E+05
   0.253715E-01   0.228422E+05
   0.256265E-01   0.227141E+05
   0.258841E-01   0.225835E+05
   0.261442E-01   0.224504E+05
   0.264069E-01   0.223148E+05
   0.266723E-01   0.221768E+05
   0.269404E-01   0.220365E+05
   0.272112E-01   0.218939E+05
   0.274846E-01   0.217491E+05
   0.277609E-01   0.216022E+05
   0.280399E-01   0.214533E+05
   0.283217E-01   0.213023E+05
   0.286063E-01   0.211495E+05
   0.288938E-01   0.209949E+05
   0.291842E-01   0.208385E+05
   0.294775E-01   0.206805E+05
   0.297738E-01   0.205210E+05
   0.300730E-01   0.203600E+05
   0.303752E-01   0.201976E+05
   0.306805E-01   0.200340E+05
   0.309888E-01   0.198693E+05
   0.313003E-01   0.197035E+05
   0.316148E-01   0.195367E+05
   0.319326E-01   0.193692E+05
   0.322535E-01   0.192009E+05
   0.325777E-01   0.190319E+05
   0.329051E-01   0.188625E+05
   0.332358E-01   0.186927E+05
   0.335698E-01   0.185226E+05
   0.339072E-01   0.183524E+05
   0.342480E-01   0.181822E+05
   0.345922E-01   0.182203E+05
   0.349398E-01   0.180523E+05
   0.352910E-01   0.178846E+05
   0.356456E-01   0.177174E+05
   0.360039E-01   0.175506E+05
   0.363657E-01   0.173846E+05
   0.367312E-01   0.172193E+05
   0.371004E-01   0.170537E+05
   0.374732E-01   0.168880E+05
   0.378499E-01   0.167233E+05
   0.382303E-01   0.165598E+05
   0.386145E-01   0.163975E+05
   0.390025E-01   0.162366E+05
   0.393945E-01   0.160773E+05
   0.397905E-01   0.159197E+05
   0.401904E-01   0.157639E+05
   0.405943E-01   0.156100E+05
   0.410023E-01   0.154581E+05
   0.414143E-01   0.153084E+05
   0.418306E-01   0.151609E+05
   0.422509E-01   0.150158E+05
   0.426756E-01   0.148730E+05
   0.431045E-01   0.147327E+05
   0.435377E-01   0.145950E+05
   0.439752E-01   0.144598E+05
   0.444172E-01   0.141912E+05
   0.448636E-01   0.140602E+05
   0.453145E-01   0.139318E+05
   0.457699E-01   0.138061E+05
   0.462299E-01   0.136832E+05
   0.466945E-01   0.135628E+05
   0.471638E-01   0.134452E+05
   0.476378E-01   0.133301E+05
   0.481166E-01   0.132177E+05
   0.486002E-01   0.131077E+05
   0.490886E-01   0.130002E+05
   0.495820E-01   0.128951E+05
   0.500803E-01   0.127923E+05
   0.505836E-01   0.126918E+05
   0.510920E-01   0.125934E+05
   0.516055E-01   0.124971E+05
   0.521241E-01   0.124027E+05
   0.526479E-01   0.123103E+05
   0.531771E-01   0.122196E+05
   0.537115E-01   0.121307E+05
   0.542513E-01   0.121172E+05
   0.547965E-01   0.120320E+05
   0.553473E-01   0.119481E+05
   0.559035E-01   0.118661E+05
   0.564653E-01   0.117869E+05
   0.570328E-01   0.117089E+05
   0.576060E-01   0.116317E+05
   0.581850E-01   0.115554E+05
   0.587697E-01   0.114798E+05
   0.593604E-01   0.114047E+05
   0.599570E-01   0.113299E+05
   0.605596E-01   0.112553E+05
   0.611682E-01   0.111807E+05
   0.617829E-01   0.111060E+05
   0.624039E-01   0.110307E+05
   0.630310E-01   0.109550E+05
   0.636645E-01   0.108786E+05
   0.643043E-01   0.107480E+05
   0.649506E-01   0.106676E+05
   0.656034E-01   0.105859E+05
   0.662627E-01   0.105028E+05
   0.669286E-01   0.104180E+05
   0.676013E-01   0.103313E+05
   0.682807E-01   0.102427E+05
   0.689670E-01   0.101518E+05
   0.696600E-01   0.100587E+05
   0.703601E-01   0.996300E+04
   0.710673E-01   0.986472E+04
   0.717815E-01   0.976371E+04
   0.725029E-01   0.965991E+04
   0.732316E-01   0.955321E+04
   0.739676E-01   0.947116E+04
   0.747110E-01   0.935917E+04
   0.754618E-01   0.924421E+04
   0.762202E-01   0.912631E+04
   0.769863E-01   0.900556E+04
   0.777600E-01   0.888207E+04
   0.785415E-01   0.875600E+04
   0.793308E-01   0.862752E+04
   0.801281E-01   0.849685E+04
   0.809335E-01   0.836424E+04
   0.817469E-01   0.822995E+04
   0.825684E-01   0.809432E+04
   0.833982E-01   0.795762E+04
   0.842364E-01   0.782022E+04
   0.850830E-01   0.768247E+04
   0.859381E-01   0.754476E+04
   0.868018E-01   0.740742E+04
   0.876742E-01   0.727085E+04
   0.885553E-01   0.713543E+04
   0.894453E-01   0.700153E+04
   0.903442E-01   0.686949E+04
   0.912522E-01   0.673966E+04
   0.921693E-01   0.661237E+04
   0.930956E-01   0.648795E+04
   0.940312E-01   0.636665E+04
   0.949763E-01   0.624875E+04
   0.959308E-01   0.613447E+04
   0.968949E-01   0.602403E+04
   0.978687E-01   0.591758E+04
   0.988523E-01   0.581527E+04
   0.998458E-01   0.571720E+04
   0.100849E+00   0.562346E+04
   0.101863E+00   0.553406E+04
   0.102887E+00   0.544903E+04
   0.103921E+00   0.536834E+04
   0.104965E+00   0.529192E+04
   0.106020E+00   0.521968E+04
   0.107085E+00   0.515150E+04
   0.108162E+00   0.508722E+04
   0.109249E+00   0.502666E+04
   0.110347E+00   0.496959E+04
   0.111456E+00   0.491577E+04
   0.112576E+00   0.486492E+04
   0.113707E+00   0.481672E+04
   0.114850E+00   0.477086E+04
   0.116004E+00   0.472694E+04
   0.117170E+00   0.468458E+04
   0.118348E+00   0.464338E+04
   0.119537E+00   0.460290E+04
   0.120738E+00   0.456270E+04
   0.121952E+00   0.452233E+04
   0.123178E+00   0.448135E+04
   0.124415E+00   0.443935E+04
   0.125666E+00   0.439590E+04
   0.126929E+00   0.435066E+04
   0.128205E+00   0.430330E+04
   0.129493E+00   0.425354E+04
   0.130794E+00   0.420119E+04
   0.132109E+00   0.414608E+04
   0.133437E+00   0.408816E+04
   0.134778E+00   0.402740E+04
   0.136132E+00   0.396386E+04
   0.137500E+00   0.389766E+04
   0.138882E+00   0.382899E+04
   0.140278E+00   0.375809E+04
   0.141688E+00   0.368527E+04
   0.143112E+00   0.361087E+04
   0.144550E+00   0.353530E+04
   0.146003E+00   0.345902E+04
   0.147470E+00   0.338252E+04
   0.148952E+00   0.330631E+04
   0.150449E+00   0.323093E+04
   0.151962E+00   0.315691E+04
   0.153489E+00   0.308479E+04
   0.155031E+00   0.301503E+04
   0.156589E+00   0.294807E+04
   0.158163E+00   0.288425E+04
   0.159753E+00   0.282386E+04
   0.161358E+00   0.276705E+04
   0.162980E+00   0.271392E+04
   0.164618E+00   0.266446E+04
   0.166272E+00   0.261859E+04
   0.167943E+00   0.257615E+04
   0.169631E+00   0.253694E+04
   0.171336E+00   0.250070E+04
   0.173058E+00   0.246716E+04
   0.174797E+00   0.243597E+04
   0.176554E+00   0.240680E+04
   0.178328E+00   0.237922E+04
   0.180121E+00   0.235282E+04
   0.181931E+00   0.232713E+04
   0.183759E+00   0.230165E+04
   0.185606E+00   0.227591E+04
   0.187472E+00   0.224943E+04
   0.189356E+00   0.222180E+04
   0.191259E+00   0.219267E+04
   0.193181E+00   0.216180E+04
   0.195122E+00   0.212903E+04
   0.197083E+00   0.209430E+04
   0.199064E+00   0.205768E+04
   0.201065E+00   0.201931E+04
   0.203086E+00   0.197939E+04
   0.205126E+00   0.193820E+04
   0.207188E+00   0.189608E+04
   0.209270E+00   0.185342E+04
   0.211374E+00   0.181065E+04
   0.213498E+00   0.176824E+04
   0.215644E+00   0.172666E+04
   0.217811E+00   0.168637E+04
   0.220000E+00   0.164778E+04
   0.222211E+00   0.161120E+04
   0.224444E+00   0.157684E+04
   0.226700E+00   0.154481E+04
   0.228978E+00   0.151511E+04
   0.231280E+00   0.148764E+04
   0.233604E+00   0.146223E+04
   0.235952E+00   0.143866E+04
   0.238323E+00   0.141668E+04
   0.240718E+00   0.139598E+04
   0.243137E+00   0.137625E+04
   0.245581E+00   0.135714E+04
   0.248049E+00   0.133828E+04
   0.250542E+00   0.131930E+04
   0.253060E+00   0.129988E+04
   0.255603E+00   0.127973E+04
   0.258172E+00   0.125867E+04
   0.260767E+00   0.123660E+04
   0.263388E+00   0.121354E+04
   0.266035E+00   0.118961E+04
   0.268708E+00   0.116497E+04
   0.271409E+00   0.113988E+04
   0.274137E+00   0.111460E+04
   0.276892E+00   0.108944E+04
   0.279675E+00   0.106469E+04
   0.282486E+00   0.104066E+04
   0.285324E+00   0.101758E+04
   0.288192E+00   0.995676E+03
   0.291088E+00   0.975052E+03
   0.294014E+00   0.955733E+03
   0.296969E+00   0.937654E+03
   0.299953E+00   0.920675E+03
   0.302968E+00   0.904612E+03
   0.306013E+00   0.889267E+03
   0.309088E+00   0.874439E+03
   0.312195E+00   0.859926E+03
   0.315332E+00   0.845516E+03
   0.318502E+00   0.831009E+03
   0.321703E+00   0.816228E+03
   0.324936E+00   0.801059E+03
   0.328201E+00   0.785475E+03
   0.331500E+00   0.769547E+03
   0.334832E+00   0.753412E+03
   0.338196E+00   0.737239E+03
   0.341595E+00   0.721192E+03
   0.345029E+00   0.705424E+03
   0.348496E+00   0.690075E+03
   0.351998E+00   0.675278E+03
   0.355536E+00   0.661128E+03
   0.359109E+00   0.647673E+03
   0.362719E+00   0.634887E+03
   0.366364E+00   0.622686E+03
   0.370046E+00   0.610951E+03
   0.373765E+00   0.599565E+03
   0.377521E+00   0.588420E+03
   0.381316E+00   0.577415E+03
   0.385148E+00   0.566451E+03
   0.389019E+00   0.555437E+03
   0.392928E+00   0.544324E+03
   0.396877E+00   0.533134E+03
   0.400866E+00   0.521936E+03
   0.404895E+00   0.510824E+03
   0.408964E+00   0.499889E+03
   0.413074E+00   0.489197E+03
   0.417225E+00   0.478802E+03
   0.421419E+00   0.468743E+03
   0.425654E+00   0.459049E+03
   0.429932E+00   0.449714E+03
   0.434253E+00   0.440698E+03
   0.438617E+00   0.431930E+03
   0.443025E+00   0.423345E+03
   0.447478E+00   0.414890E+03
   0.451975E+00   0.406529E+03
   0.456517E+00   0.398227E+03
   0.461106E+00   0.389969E+03
   0.465740E+00   0.381765E+03
   0.470420E+00   0.373657E+03
   0.475148E+00   0.365693E+03
   0.479924E+00   0.357906E+03
   0.484747E+00   0.350312E+03
   0.489619E+00   0.342919E+03
   0.494539E+00   0.335734E+03
   0.499510E+00   0.328754E+03
   0.504530E+00   0.321952E+03
   0.509601E+00   0.315291E+03
   0.514722E+00   0.308740E+03
   0.519895E+00   0.302285E+03
   0.525120E+00   0.295922E+03
   0.530398E+00   0.289647E+03
   0.535728E+00   0.283466E+03
   0.541112E+00   0.277393E+03
   0.546551E+00   0.271449E+03
   0.552044E+00   0.265644E+03
   0.557592E+00   0.259975E+03
   0.563196E+00   0.254437E+03
   0.568856E+00   0.249031E+03
   0.574573E+00   0.243747E+03
   0.580347E+00   0.238563E+03
   0.586180E+00   0.233468E+03
   0.592071E+00   0.228462E+03
   0.598022E+00   0.223550E+03
   0.604032E+00   0.218727E+03
   0.610102E+00   0.213995E+03
   0.616234E+00   0.209364E+03
   0.622428E+00   0.204839E+03
   0.628683E+00   0.200411E+03
   0.635001E+00   0.196078E+03
   0.641383E+00   0.191840E+03
   0.647829E+00   0.187689E+03
   0.654340E+00   0.183616E+03
   0.660916E+00   0.179621E+03
   0.667558E+00   0.175710E+03
   0.674268E+00   0.171875E+03
   0.681044E+00   0.168116E+03
   0.687889E+00   0.164441E+03
   0.694802E+00   0.160846E+03
   0.701785E+00   0.157324E+03
   0.708838E+00   0.153876E+03
   0.715962E+00   0.150504E+03
   0.723157E+00   0.147197E+03
   0.730425E+00   0.143958E+03
   0.737767E+00   0.140788E+03
   0.745181E+00   0.137683E+03
   0.752670E+00   0.134642E+03
   0.760235E+00   0.131668E+03
   0.767875E+00   0.128757E+03
   0.775592E+00   0.125905E+03
   0.783387E+00   0.123116E+03
   0.791260E+00   0.120384E+03
   0.799213E+00   0.117708E+03
   0.807245E+00   0.115091E+03
   0.815358E+00   0.112529E+03
   0.823552E+00   0.110019E+03
   0.831829E+00   0.107566E+03
   0.840190E+00   0.105164E+03
   0.848633E+00   0.102812E+03
   0.857162E+00   0.100513E+03
   0.865777E+00   0.982605E+02
   0.874478E+00   0.960566E+02
   0.883266E+00   0.939015E+02
   0.892143E+00   0.917904E+02
   0.901110E+00   0.897266E+02
   0.910166E+00   0.877068E+02
   0.919313E+00   0.857299E+02
   0.928553E+00   0.837974E+02
   0.937885E+00   0.819046E+02
   0.947311E+00   0.800542E+02
   0.956831E+00   0.782436E+02
   0.966447E+00   0.764715E+02
   0.976161E+00   0.747393E+02
   0.985971E+00   0.730432E+02
   0.995880E+00   0.713855E+02
   0.100589E+01   0.697628E+02
   0.101600E+01   0.681759E+02
   0.102621E+01   0.666239E+02
   0.103652E+01   0.651051E+02
   0.104694E+01   0.636205E+02
   0.105746E+01   0.621671E+02
   0.106809E+01   0.607469E+02
   0.107882E+01   0.593567E+02
   0.108967E+01   0.579982E+02
   0.110062E+01   0.566687E+02
   0.111168E+01   0.553692E+02
   0.112285E+01   0.540978E+02
   0.113414E+01   0.528551E+02
   0.114553E+01   0.516396E+02
   0.115705E+01   0.504512E+02
   0.116868E+01   0.492890E+02
   0.118042E+01   0.481530E+02
   0.119229E+01   0.470419E+02
   0.120427E+01   0.459558E+02
   0.121637E+01   0.448937E+02
   0.122860E+01   0.438556E+02
   0.124094E+01   0.428402E+02
   0.125342E+01   0.418480E+02
   0.126601E+01   0.408773E+02
   0.127874E+01   0.399292E+02
   0.129159E+01   0.390014E+02
   0.130457E+01   0.380951E+02
   0.131768E+01   0.372086E+02
   0.133092E+01   0.363425E+02
   0.134430E+01   0.354956E+02
   0.135781E+01   0.346677E+02
   0.137145E+01   0.338589E+02
   0.138524E+01   0.330678E+02
   0.139916E+01   0.322951E+02
   0.141322E+01   0.315396E+02
   0.142742E+01   0.308012E+02
   0.144177E+01   0.300798E+02
   0.145626E+01   0.293745E+02
   0.147090E+01   0.286854E+02
   0.148568E+01   0.280119E+02
   0.150061E+01   0.273535E+02
   0.151569E+01   0.267104E+02
   0.153092E+01   0.260818E+02
   0.154631E+01   0.254674E+02
   0.156185E+01   0.248673E+02
   0.157755E+01   0.242807E+02
   0.159340E+01   0.237075E+02
   0.160942E+01   0.231477E+02
   0.162559E+01   0.226005E+02
   0.164193E+01   0.220659E+02
   0.165843E+01   0.215437E+02
   0.167510E+01   0.210335E+02
   0.169193E+01   0.205349E+02
   0.170894E+01   0.200479E+02
   0.172611E+01   0.195721E+02
   0.174346E+01   0.191072E+02
   0.176098E+01   0.186530E+02
   0.177868E+01   0.182092E+02
   0.179656E+01   0.177759E+02
   0.181461E+01   0.173525E+02
   0.183285E+01   0.169389E+02
   0.185127E+01   0.165348E+02
   0.186987E+01   0.161403E+02
   0.188867E+01   0.157548E+02
   0.190765E+01   0.153783E+02
   0.192682E+01   0.150106E+02
   0.194619E+01   0.146514E+02
   0.196575E+01   0.143006E+02
   0.198550E+01   0.139580E+02
   0.200546E+01   0.136233E+02
