# z 	 SNR var kmax 	 SNR fix kmax 	 N SNR 
0.7 6.88418520 7.53108908 10360.46041828
0.8 9.03489204 9.03489204 11191.64137640
0.9 10.96227416 10.13650848 10987.63677117
1.0 13.96900855 12.14070395 11810.23854424
1.1 16.99250443 13.21978899 11044.32717622
1.2 18.80445126 14.12915874 10142.70541043
1.3 19.09013016 13.18993849 8126.94285835
1.4 10.94858608 7.56916168 6672.36455704
1.5 9.36524284 6.26253548 4389.27580590
1.6 8.23324536 5.61857075 3317.36943219
1.7 6.52228866 4.37645170 2121.69109234
1.8 4.58871069 3.06885757 1231.11395343
1.9 3.56087722 2.48280612 873.60558593
2.0 2.79673427 1.91961472 576.97689922
