# z 	 SNR var kmax 	 SNR fix kmax 	 N SNR 
0.7 3.17316866 3.49073125 7509.91440553
0.8 4.37338730 4.37338730 8337.76278491
0.9 5.45392600 5.02056462 8324.34499667
1.0 7.16786123 6.17211516 9107.82489632
1.1 8.95237171 6.83607582 8612.18446733
1.2 10.08361595 7.40933768 7986.79047146
1.3 10.38098000 6.96605674 6430.57163320
1.4 6.00745905 4.02215941 5299.57154116
1.5 5.15167053 3.32116489 3480.02189193
1.6 4.54396878 2.98706844 2634.66814331
1.7 3.59631042 2.31873345 1681.07679660
1.8 2.51797567 1.61597386 971.42321566
1.9 1.94878510 1.30725144 689.56522201
2.0 1.56705960 1.03513881 459.39286783
