# z 	 SNR var kmax 	 SNR fix kmax 	 N SNR 
0.7 14.22706019 15.56616701 10360.46041828
0.8 19.11488654 19.11488654 11191.64137640
0.9 23.67025989 21.89803709 10987.63677117
1.0 30.72139658 26.73440767 11810.23854424
1.1 37.98269826 29.61998709 11044.32717622
1.2 42.65922043 32.15217857 10142.70541043
1.3 43.81331499 30.41234640 8126.94285835
1.4 24.90245180 17.26962237 6672.36455704
1.5 21.51822016 14.44608235 4389.27580590
1.6 19.14203010 13.10483386 3317.36943219
1.7 15.31939265 10.31480587 2121.69109234
1.8 10.87692795 7.29984225 1231.11395343
1.9 8.52952944 5.96336048 873.60558593
2.0 6.78083900 4.67046774 576.97689922
