# z 	 SNR var kmax 	 SNR fix kmax 	 N SNR 
0.7 8.62216807 9.46683601 7509.91440553
0.8 11.91764993 11.91764993 8337.76278491
0.9 14.97605265 13.81852188 8324.34499667
1.0 19.75923398 17.10200054 9107.82489632
1.1 24.75586481 19.09214872 8612.18446733
1.2 28.01863802 20.83784277 7986.79047146
1.3 28.90801916 19.71954790 6430.57163320
1.4 16.35824568 11.12386218 5299.57154116
1.5 14.07516385 9.23671453 3480.02189193
1.6 12.50177604 8.35604585 2634.66814331
1.7 9.95773259 6.53191833 1681.07679660
1.8 7.01784703 4.58122771 971.42321566
1.9 5.48012260 3.73116208 689.56522201
2.0 4.42139316 2.96477112 459.39286783
